(23204, [0, 2, 8, 10, 15, 17, 20, 21, 22])
(23205, [0, 2, 6, 7, 8, 10, 15, 18, 21, 22])
(23207, [0, 2, 3, 12, 14, 15, 16, 17, 22])
(23208, [0, 6, 11, 12, 22])
(23210, [8, 16, 22])
(23216, [14, 20, 22])
(23217, [3, 9, 13, 14, 16, 17, 19, 22])
(23219, [9, 10, 11, 12, 17, 22])
(23221, [22])
(23223, [0, 3, 4, 5, 6, 7, 8, 14, 15, 20, 21, 22])
(23224, [0, 5, 7, 10, 17, 19, 22])
(23225, [13, 14, 16, 17, 19, 22])
(23229, [4, 7, 8, 13, 22])
(23233, [12, 22])
(23234, [22])
(23236, [22])
(23238, [7, 8, 17, 22])
(23239, [0, 2, 3, 4, 6, 7, 8, 9, 10, 13, 15, 16, 17, 18, 19, 22])
(23241, [0, 1, 6, 12, 16, 22])
(23246, [0, 2, 4, 8, 10, 11, 14, 16, 17, 18, 19, 20, 21, 22])
(23248, [2, 3, 5, 8, 13, 22])
(23252, [1, 3, 21, 22])
(23253, [2, 6, 8, 10, 11, 22])
(23255, [22])
(23256, [10, 12, 13, 16, 17, 19, 22])
(23257, [0, 4, 8, 14, 16, 17, 19, 22])
(23259, [0, 4, 8, 18, 20, 21, 22])
(23260, [0, 11, 12, 17, 18, 21, 22])
(23261, [22])
(23262, [0, 1, 3, 6, 8, 9, 10, 12, 13, 15, 16, 17, 18, 21, 22])
(23268, [6, 12, 14, 15, 20, 21, 22])
(23269, [22])
(23273, [0, 11, 14, 17, 22])
(23277, [22])
(23279, [1, 15, 16, 22])
(23280, [0, 5, 8, 19, 22])
(23281, [13, 22])
(23282, [0, 6, 12, 21, 22])
(23284, [2, 4, 6, 8, 10, 13, 16, 17, 22])
(23286, [8, 15, 20, 22])
(23290, [22])
(23291, [0, 1, 7, 22])
(23293, [0, 13, 17, 18, 22])
(23296, [0, 4, 5, 8, 17, 19, 21, 22])
(23300, [5, 7, 10, 11, 12, 15, 19, 20, 21, 22])
(23303, [0, 22])
(23305, [0, 17, 22])
(23306, [22])
(23308, [0, 7, 8, 11, 13, 15, 16, 18, 20, 22])
(23309, [6, 7, 15, 22])
(23310, [11, 14, 15, 16, 17, 22])
(23315, [22])
(23317, [22])
(23319, [22])
(23320, [13, 22])
(23325, [7, 13, 17, 22])
(23327, [22])
(23330, [6, 15, 22])
(23331, [6, 13, 17, 22])
(23335, [7, 15, 16, 22])
(23336, [22])
(23337, [0, 17, 18, 22])
(23339, [22])
(23340, [10, 22])
(23341, [3, 4, 5, 13, 17, 22])
(23344, [0, 13, 22])
(23348, [2, 5, 7, 8, 9, 13, 17, 19, 22])
(23351, [22])
(23355, [21, 22])
(23356, [17, 22])
(23359, [0, 2, 6, 7, 9, 10, 12, 15, 16, 17, 19, 22])
(23360, [7, 10, 20, 21, 22])
(23361, [6, 7, 22])
(23362, [22])
(23365, [5, 11, 13, 16, 19, 21, 22])
(23370, [0, 13, 14, 17, 20, 22])
(23371, [0, 17, 22])
(23379, [22])
(23382, [14, 22])
(23385, [14, 22])
(23390, [22])
(23391, [0, 5, 6, 9, 13, 14, 16, 17, 22])
(23393, [22])
(23398, [3, 7, 14, 17, 20, 22])
(23406, [17, 19, 22])
(23407, [22])
(23410, [14, 19, 22])
(23414, [22])
(23415, [0, 17, 22])
(23416, [0, 2, 4, 6, 7, 8, 9, 10, 11, 13, 14, 15, 16, 17, 18, 19, 20, 21, 22])
(23420, [2, 22])
(23423, [0, 2, 10, 15, 19, 22])
(23426, [0, 8, 10, 13, 15, 16, 17, 22])
(23428, [1, 8, 14, 17, 18, 20, 22])
(23430, [19, 22])
(23432, [0, 2, 6, 7, 9, 12, 13, 14, 15, 16, 17, 18, 20, 22])
(23433, [1, 22])
(23435, [10, 11, 12, 13, 14, 15, 16, 17, 18, 20, 21, 22])
(23436, [19, 22])
(23437, [1, 4, 22])
(23439, [1, 16, 22])
(23440, [4, 5, 14, 15, 17, 22])
(23441, [22])
(23442, [0, 3, 6, 7, 15, 19, 22])
(23443, [0, 2, 7, 22])
(23445, [0, 4, 16, 17, 18, 22])
(23449, [22])
(23451, [0, 14, 22])
(23453, [0, 15, 22])
(23456, [7, 22])
(23457, [1, 22])
(23462, [6, 22])
(23464, [3, 9, 17, 22])
(23465, [17, 21, 22])
(23469, [8, 14, 16, 18, 19, 20, 22])
(23471, [2, 6, 8, 10, 11, 17, 22])
(23473, [22])
(23475, [0, 11, 22])
(23477, [0, 22])
(23478, [2, 10, 14, 17, 18, 19, 22])
(23479, [14, 15, 16, 17, 22])
(23483, [17, 19, 22])
(23490, [8, 14, 19, 22])
(23495, [2, 3, 5, 13, 14, 22])
(23496, [22])
(23497, [12, 14, 22])
(23498, [16, 22])
(23500, [22])
(23502, [1, 4, 6, 14, 16, 22])
(23504, [22])
(23508, [2, 7, 8, 9, 13, 14, 17, 18, 20, 21, 22])
(23510, [0, 1, 4, 7, 11, 15, 20, 22])
(23513, [22])
(23516, [0, 7, 22])
(23522, [13, 22])
(23523, [3, 14, 20, 22])
(23528, [0, 11, 13, 14, 22])
(23530, [0, 2, 3, 15, 22])
(23531, [5, 14, 22])
(23532, [6, 7, 14, 15, 20, 22])
(23533, [22])
(23534, [2, 15, 20, 22])
(23535, [22])
(23539, [10, 11, 12, 14, 18, 20, 21, 22])
(23540, [1, 2, 3, 7, 8, 10, 13, 14, 16, 17, 18, 19, 20, 22])
(23542, [0, 2, 3, 4, 5, 6, 7, 8, 9, 10, 11, 12, 13, 14, 15, 17, 18, 19, 20, 21, 22])
(23543, [22])
(23545, [3, 22])
(23547, [18, 22])
(23550, [0, 3, 7, 8, 17, 22])
(23551, [22])
(23553, [22])
(23556, [13, 14, 16, 22])
(23557, [2, 7, 8, 14, 21, 22])
(23558, [15, 16, 21, 22])
(23559, [1, 10, 22])
(23560, [17, 22])
(23561, [22])
(23562, [0, 1, 14, 19, 22])
(23564, [0, 8, 13, 20, 21, 22])
(23566, [15, 22])
(23567, [22])
(23569, [3, 22])
(23574, [0, 7, 17, 19, 22])
(23577, [8, 20, 22])
(23579, [0, 5, 17, 18, 22])
(23583, [2, 8, 22])
(23584, [0, 4, 5, 7, 8, 9, 11, 12, 18, 20, 22])
(23586, [22])
(23588, [14, 16, 17, 20, 22])
(23590, [11, 15, 17, 21, 22])
(23591, [22])
(23593, [8, 15, 22])
(23595, [0, 13, 22])
(23596, [0, 2, 15, 22])
(23597, [1, 14, 17, 22])
(23599, [15, 21, 22])
(23602, [0, 2, 4, 5, 12, 13, 14, 17, 18, 19, 20, 21, 22])
(23603, [2, 5, 8, 12, 21, 22])
(23604, [22])
(23606, [22])
(23607, [17, 19, 22])
(23608, [21, 22])
(23609, [0, 2, 5, 7, 11, 12, 13, 14, 17, 18, 19, 22])
(23612, [15, 22])
(23615, [0, 3, 4, 13, 15, 17, 21, 22])
(23617, [22])
(23619, [10, 13, 22])
(23620, [3, 8, 17, 22])
(23621, [17, 22])
(23622, [22])
(23624, [7, 9, 14, 16, 17, 20, 22])
(23630, [16, 22])
(23631, [7, 14, 22])
(23632, [3, 4, 16, 18, 22])
(23633, [0, 1, 2, 3, 4, 6, 7, 8, 9, 10, 11, 12, 13, 14, 15, 16, 17, 18, 19, 22])
(23635, [2, 6, 7, 10, 13, 14, 15, 18, 21, 22])
(23640, [20, 21, 22])
(23641, [22])
(23642, [11, 22])
(23643, [0, 6, 8, 16, 17, 21, 22])
(23645, [22])
(23647, [22])
(23650, [22])
(23651, [1, 12, 22])
(23660, [22])
(23661, [20, 22])
(23663, [22])
(23668, [0, 22])
(23673, [15, 22])
(23674, [18, 20, 21, 22])
(23676, [2, 13, 14, 22])
(23677, [11, 17, 22])
(23679, [0, 3, 4, 5, 6, 7, 8, 10, 11, 13, 14, 15, 17, 21, 22])
(23681, [0, 3, 8, 9, 11, 13, 17, 21, 22, 23])
(23682, [5, 15, 16, 17, 18, 19, 21, 23])
(23683, [7, 18, 23])
(23685, [0, 1, 2, 3, 4, 5, 6, 7, 8, 9, 13, 15, 16, 17, 19, 21, 22, 23])
(23686, [12, 18, 22, 23])
(23687, [7, 22, 23])
(23689, [3, 8, 10, 12, 13, 19, 20, 22, 23])
(23690, [23])
(23693, [23])
(23694, [23])
(23695, [23])
(23698, [0, 17, 23])
(23699, [0, 3, 4, 5, 6, 9, 10, 13, 14, 16, 17, 18, 19, 21, 22, 23])
(23700, [4, 11, 17, 22, 23])
(23702, [17, 23])
(23703, [0, 1, 5, 6, 8, 12, 18, 22, 23])
(23704, [7, 17, 21, 23])
(23706, [6, 7, 10, 13, 14, 15, 19, 22, 23])
(23707, [23])
(23710, [23])
(23711, [23])
(23713, [2, 4, 5, 7, 8, 9, 10, 13, 14, 17, 18, 19, 22, 23])
(23714, [0, 8, 17, 23])
(23715, [23])
(23716, [23])
(23718, [10, 21, 22, 23])
(23721, [1, 12, 14, 15, 18, 23])
(23722, [23])
(23723, [23])
(23724, [0, 1, 5, 10, 12, 14, 17, 18, 23])
(23727, [23])
(23728, [0, 1, 2, 5, 7, 9, 10, 12, 14, 15, 17, 19, 21, 22, 23])
(23731, [0, 1, 4, 5, 6, 7, 13, 14, 16, 17, 20, 21, 23])
(23732, [0, 2, 3, 4, 5, 6, 8, 10, 11, 12, 13, 14, 16, 17, 18, 19, 20, 22, 23])
(23734, [22, 23])
(23738, [0, 2, 10, 16, 17, 20, 23])
(23739, [0, 13, 19, 20, 22, 23])
(23741, [7, 8, 10, 23])
(23742, [0, 3, 5, 7, 8, 10, 12, 13, 14, 15, 16, 17, 18, 20, 21, 22, 23])
(23744, [2, 8, 9, 10, 13, 15, 17, 18, 19, 22, 23])
(23746, [14, 21, 23])
(23750, [17, 19, 23])
(23751, [1, 4, 6, 10, 11, 17, 18, 20, 22, 23])
(23752, [1, 8, 10, 12, 14, 15, 17, 19, 23])
(23753, [23])
(23755, [23])
(23756, [0, 2, 4, 5, 7, 8, 9, 14, 15, 16, 17, 19, 20, 21, 22, 23])
(23758, [17, 22, 23])
(23761, [23])
(23762, [0, 4, 5, 6, 8, 9, 10, 11, 13, 14, 16, 17, 18, 20, 21, 22, 23])
(23763, [23])
(23764, [21, 22, 23])
(23765, [0, 1, 2, 7, 8, 10, 13, 14, 15, 17, 23])
(23768, [0, 5, 8, 9, 13, 14, 15, 16, 18, 22, 23])
(23769, [5, 10, 12, 13, 14, 16, 23])
(23770, [2, 7, 9, 12, 13, 17, 19, 20, 21, 22, 23])
(23773, [22, 23])
(23775, [6, 13, 17, 18, 23])
(23776, [2, 5, 8, 14, 18, 23])
(23777, [6, 7, 9, 14, 19, 23])
(23778, [4, 8, 11, 16, 20, 21, 23])
(23780, [0, 1, 3, 4, 6, 7, 8, 14, 16, 17, 18, 19, 20, 22, 23])
(23781, [0, 7, 9, 12, 22, 23])
(23782, [0, 11, 16, 17, 18, 19, 20, 22, 23])
(23783, [0, 13, 14, 17, 23])
(23784, [4, 9, 21, 22, 23])
(23785, [13, 23])
(23788, [23])
(23789, [0, 1, 3, 4, 5, 7, 8, 11, 12, 13, 14, 15, 16, 17, 19, 20, 22, 23])
(23790, [23])
(23792, [0, 1, 2, 3, 5, 8, 11, 12, 15, 17, 18, 22, 23])
(23793, [17, 22, 23])
(23794, [19, 23])
(23795, [1, 3, 13, 14, 15, 17, 23])
(23796, [9, 13, 17, 20, 23])
(23797, [23])
(23798, [1, 5, 6, 14, 17, 18, 20, 21, 22, 23])
(23799, [20, 23])
(23801, [6, 23])
(23802, [0, 2, 3, 4, 5, 10, 11, 12, 13, 14, 16, 17, 18, 19, 20, 21, 22, 23])
(23803, [23])
(23805, [1, 3, 8, 9, 10, 14, 15, 16, 17, 21, 22, 23])
(23806, [23])
(23807, [0, 1, 2, 3, 5, 10, 11, 13, 14, 15, 17, 21, 22, 23])
(23808, [23])
(23809, [23])
(23810, [1, 6, 8, 13, 14, 15, 17, 22, 23])
(23811, [3, 14, 22, 23])
(23812, [5, 6, 17, 23])
(23813, [4, 8, 15, 19, 22, 23])
(23816, [1, 2, 23])
(23817, [0, 2, 4, 7, 8, 9, 10, 11, 12, 13, 15, 16, 17, 18, 19, 20, 22, 23])
(23818, [0, 14, 15, 17, 18, 21, 23])
(23819, [0, 1, 2, 12, 13, 15, 16, 17, 18, 19, 20, 21, 22, 23])
(23820, [0, 1, 7, 8, 11, 13, 15, 16, 17, 18, 20, 21, 23])
(23821, [0, 13, 23])
(23823, [11, 23])
(23824, [0, 2, 3, 4, 5, 12, 15, 17, 23])
(23826, [3, 17, 19, 20, 22, 23])
(23827, [2, 7, 17, 22, 23])
(23829, [6, 23])
(23830, [0, 8, 13, 16, 17, 23])
(23832, [16, 19, 23])
(23833, [23])
(23834, [23])
(23836, [3, 10, 12, 14, 15, 16, 20, 21, 23])
(23838, [23])
(23839, [18, 22, 23])
(23840, [9, 15, 16, 23])
(23841, [23])
(23843, [2, 9, 13, 16, 17, 23])
(23844, [0, 1, 4, 18, 19, 21, 23])
(23847, [23])
(23849, [23])
(23850, [0, 2, 3, 4, 5, 7, 8, 9, 10, 11, 14, 16, 17, 20, 23])
(23853, [0, 1, 2, 3, 4, 5, 6, 7, 8, 9, 10, 11, 12, 13, 14, 15, 16, 17, 18, 20, 21, 22, 23])
(23856, [17, 23])
(23858, [15, 23])
(23861, [4, 7, 10, 13, 17, 23])
(23862, [15, 17, 23])
(23865, [23])
(23866, [15, 19, 23])
(23867, [10, 12, 13, 15, 16, 23])
(23869, [0, 2, 3, 5, 6, 7, 8, 10, 13, 15, 18, 19, 21, 22, 23])
(23870, [23])
(23871, [0, 12, 17, 18, 19, 23])
(23872, [0, 1, 3, 8, 11, 17, 23])
(23874, [0, 1, 3, 4, 5, 6, 8, 9, 11, 12, 13, 14, 15, 16, 17, 18, 19, 20, 21, 22, 23])
(23875, [3, 4, 5, 23])
(23876, [0, 1, 3, 4, 7, 8, 9, 12, 13, 15, 16, 17, 18, 19, 21, 22, 23])
(23877, [0, 3, 6, 7, 8, 9, 10, 11, 13, 14, 15, 17, 21, 22, 23])
(23878, [7, 8, 13, 16, 20, 23])
(23879, [2, 4, 17, 23])
(23880, [0, 2, 3, 4, 5, 7, 8, 10, 12, 15, 16, 17, 19, 20, 22, 23])
(23882, [10, 23])
(23883, [15, 17, 22, 23])
(23884, [0, 6, 7, 8, 9, 16, 17, 19, 22, 23])
(23885, [1, 17, 22, 23])
(23888, [1, 2, 8, 9, 14, 17, 22, 23])
(23889, [1, 2, 7, 8, 9, 10, 13, 14, 16, 18, 23])
(23890, [15, 23])
(23892, [1, 4, 5, 7, 8, 14, 15, 16, 18, 19, 20, 21, 22, 23])
(23894, [23])
(23895, [23])
(23896, [23])
(23900, [0, 10, 14, 16, 17, 20, 22, 23])
(23902, [7, 23])
(23903, [22, 23])
(23904, [17, 23])
(23907, [14, 23])
(23908, [7, 11, 12, 17, 22, 23])
(23910, [16, 17, 23])
(23911, [14, 23])
(23913, [2, 23])
(23915, [23])
(23916, [23])
(23917, [6, 14, 16, 23])
(23918, [1, 16, 22, 23])
(23919, [23])
(23920, [7, 16, 20, 23])
(23921, [0, 4, 7, 10, 11, 13, 14, 16, 17, 23])
(23922, [23])
(23925, [9, 14, 17, 23])
(23926, [0, 1, 3, 7, 8, 9, 10, 12, 13, 16, 17, 18, 20, 21, 22, 23])
(23927, [23])
(23928, [0, 11, 15, 17, 21, 22, 23])
(23929, [3, 4, 8, 12, 14, 16, 17, 23])
(23932, [0, 2, 3, 10, 13, 14, 15, 17, 18, 19, 20, 22, 23])
(23933, [8, 23])
(23934, [23])
(23935, [0, 3, 4, 9, 12, 13, 14, 19, 20, 21, 23])
(23937, [1, 5, 14, 15, 23])
(23938, [0, 1, 6, 7, 8, 13, 14, 15, 16, 17, 18, 21, 22, 23])
(23940, [2, 3, 7, 9, 10, 11, 12, 15, 16, 17, 18, 19, 21, 23])
(23942, [13, 14, 16, 18, 23])
(23943, [23])
(23945, [18, 23])
(23946, [10, 16, 23])
(23947, [23])
(23951, [0, 2, 5, 9, 10, 11, 16, 17, 18, 23])
(23954, [23])
(23956, [2, 7, 19, 23])
(23957, [23])
(23958, [20, 21, 23])
(23959, [8, 23])
(23960, [4, 11, 23])
(23961, [0, 5, 6, 7, 11, 12, 14, 15, 17, 22, 23])
(23962, [0, 1, 2, 5, 6, 7, 8, 9, 10, 11, 13, 14, 15, 16, 17, 18, 19, 20, 21, 22, 23])
(23963, [1, 16, 23])
(23964, [0, 4, 5, 8, 10, 15, 22, 23])
(23965, [8, 14, 15, 17, 23])
(23968, [1, 2, 4, 7, 11, 12, 13, 21, 23])
(23969, [0, 4, 5, 7, 8, 15, 17, 21, 23])
(23970, [2, 8, 23])
(23971, [0, 1, 2, 3, 5, 7, 8, 12, 15, 18, 19, 20, 21, 22, 23])
(23972, [7, 17, 23])
(23977, [17, 23])
(23978, [7, 8, 9, 10, 13, 14, 15, 16, 17, 20, 21, 23])
(23980, [1, 7, 18, 23])
(23984, [0, 1, 7, 8, 9, 22, 23])
(23985, [0, 1, 3, 4, 6, 8, 9, 10, 13, 14, 16, 17, 19, 20, 22, 23])
(23989, [4, 7, 10, 11, 13, 14, 15, 17, 21, 23])
(23993, [17, 23])
(23995, [23])
(23998, [4, 10, 11, 19, 22, 23])
(24000, [3, 4, 13, 16, 20, 23])
(24002, [6, 18, 23])
(24004, [23])
(24005, [7, 8, 20, 23])
(24006, [22, 23])
(24007, [1, 7, 8, 9, 13, 17, 18, 19, 23])
(24009, [2, 3, 4, 7, 8, 9, 12, 17, 21, 22, 23])
(24010, [23])
(24011, [0, 8, 17, 23])
(24012, [0, 7, 14, 16, 18, 23])
(24014, [0, 1, 2, 3, 5, 6, 7, 8, 9, 10, 12, 15, 16, 17, 19, 20, 21, 22, 23])
(24016, [23])
(24017, [23])
(24020, [23])
(24022, [12, 18, 23])
(24023, [0, 1, 2, 6, 7, 8, 9, 10, 11, 13, 14, 15, 17, 18, 19, 22, 23])
(24025, [7, 8, 11, 13, 16, 20, 23])
(24027, [0, 10, 15, 16, 17, 21, 23])
(24028, [2, 11, 23])
(24029, [5, 7, 8, 11, 17, 21, 23])
(24030, [2, 5, 8, 9, 13, 14, 15, 16, 17, 22, 23])
(24031, [2, 8, 10, 12, 13, 14, 15, 17, 19, 23])
(24032, [0, 2, 3, 4, 5, 7, 8, 11, 12, 13, 14, 15, 17, 18, 23])
(24036, [23])
(24037, [0, 4, 6, 7, 18, 23])
(24038, [0, 6, 8, 9, 11, 13, 14, 15, 17, 18, 19, 20, 21, 22, 23])
(24039, [3, 5, 7, 8, 10, 11, 13, 15, 16, 17, 19, 20, 22, 23])
(24040, [23])
(24043, [8, 17, 23])
(24044, [4, 5, 7, 13, 16, 18, 23])
(24047, [0, 23])
(24048, [2, 3, 6, 7, 8, 14, 15, 17, 18, 20, 22, 23])
(24049, [0, 2, 5, 8, 9, 10, 14, 15, 16, 17, 20, 23])
(24050, [1, 3, 8, 10, 11, 13, 18, 22, 23])
(24054, [19, 22, 23])
(24055, [0, 17, 18, 23])
(24057, [23])
(24060, [1, 13, 14, 16, 19, 21, 23])
(24061, [13, 15, 17, 23])
(24062, [15, 17, 19, 23])
(24063, [0, 7, 10, 13, 17, 19, 22, 23])
(24064, [15, 23])
(24065, [0, 10, 17, 20, 21, 23])
(24066, [1, 5, 12, 14, 21, 22, 23])
(24069, [1, 5, 6, 7, 12, 17, 23])
(24071, [0, 1, 2, 3, 5, 6, 7, 8, 9, 11, 12, 15, 16, 17, 18, 19, 20, 21, 22, 23])
(24073, [0, 4, 5, 8, 9, 14, 16, 17, 18, 19, 20, 21, 23])
(24074, [0, 4, 15, 22, 23])
(24075, [10, 20, 22, 23])
(24076, [0, 1, 3, 4, 7, 10, 11, 12, 13, 14, 17, 18, 21, 23])
(24078, [0, 14, 23])
(24079, [0, 2, 6, 9, 15, 23])
(24080, [0, 2, 8, 9, 12, 14, 15, 16, 17, 19, 23])
(24081, [2, 3, 13, 15, 17, 23])
(24083, [0, 1, 7, 23])
(24085, [17, 22, 23])
(24086, [0, 2, 3, 4, 5, 6, 8, 9, 10, 11, 12, 15, 16, 17, 19, 20, 21, 22, 23])
(24087, [14, 16, 17, 23])
(24094, [6, 7, 12, 14, 16, 23])
(24095, [14, 17, 21, 22, 23])
(24097, [23])
(24098, [10, 23])
(24100, [0, 2, 7, 8, 13, 14, 16, 17, 23])
(24101, [1, 3, 5, 7, 11, 14, 15, 21, 22, 23])
(24103, [23])
(24107, [1, 2, 3, 6, 7, 8, 11, 12, 15, 20, 21, 22, 23])
(24108, [23])
(24109, [1, 3, 6, 8, 11, 14, 16, 17, 20, 22, 23])
(24112, [23])
(24113, [2, 14, 15, 23])
(24114, [0, 2, 4, 5, 6, 8, 10, 11, 12, 13, 14, 15, 16, 18, 19, 20, 21, 22, 23])
(24116, [0, 1, 2, 3, 5, 7, 8, 9, 10, 11, 13, 17, 19, 20, 23])
(24117, [4, 23])
(24119, [23])
(24121, [23])
(24122, [0, 1, 3, 6, 7, 9, 11, 12, 13, 14, 17, 20, 21, 22, 23])
(24124, [23])
(24125, [0, 23])
(24126, [23])
(24128, [23])
(24130, [0, 12, 15, 16, 17, 20, 21, 23])
(24131, [23])
(24133, [3, 5, 10, 11, 14, 15, 17, 22, 23])
(24134, [0, 1, 2, 3, 4, 5, 7, 10, 13, 15, 18, 19, 20, 21, 22, 23])
(24135, [23])
(24136, [23])
(24137, [3, 16, 23])
(24138, [0, 2, 5, 6, 7, 8, 9, 10, 11, 12, 13, 14, 15, 16, 17, 18, 19, 20, 21, 22, 23])
(24139, [12, 14, 23])
(24141, [9, 17, 23])
(24142, [5, 7, 8, 9, 10, 13, 14, 15, 17, 18, 21, 22, 23])
(24143, [0, 2, 9, 12, 15, 17, 22, 23])
(24144, [23])
(24146, [14, 15, 18, 23])
(24148, [0, 5, 16, 20, 22, 23])
(24149, [23])
(24150, [0, 2, 3, 4, 5, 7, 10, 11, 13, 14, 15, 17, 19, 20, 21, 22, 23])
(24153, [7, 11, 14, 23])
(24154, [23])
(24155, [23])
(24157, [0, 3, 5, 8, 9, 11, 16, 19, 20, 23])
(24158, [19, 23])
(24159, [23])
(24160, [0, 1, 3, 6, 7, 9, 10, 11, 12, 14, 15, 17, 20, 21, 23])
(24162, [0, 1, 8, 10, 15, 18, 19, 20, 23])
(24163, [7, 23])
(24165, [1, 17, 23])
(24168, [8, 14, 16, 17, 19, 20, 23])
(24169, [6, 13, 15, 16, 17, 23])
(24170, [1, 2, 13, 14, 15, 16, 17, 22, 23])
(24171, [0, 1, 2, 4, 5, 7, 8, 11, 17, 19, 23])
(24172, [23])
(24174, [23])
(24175, [0, 3, 6, 7, 10, 12, 13, 15, 17, 18, 21, 22, 23])
(24178, [23])
(24179, [15, 16, 23])
(24180, [11, 15, 17, 23])
(24181, [15, 17, 19, 23])
(24182, [10, 14, 16, 22, 23])
(24186, [23])
(24187, [8, 9, 15, 18, 19, 23])
(24188, [0, 5, 13, 17, 23])
(24189, [1, 23])
(24191, [0, 7, 14, 15, 17, 18, 19, 20, 21, 22, 23])
(24192, [16, 17, 22, 23])
(24193, [9, 13, 17, 23])
(24194, [0, 15, 23])
(24195, [6, 14, 20, 23])
(24197, [0, 2, 3, 4, 5, 6, 7, 9, 10, 11, 12, 13, 14, 15, 16, 17, 19, 20, 21, 22, 23])
(24198, [13, 17, 19, 22, 23])
(24199, [0, 2, 10, 11, 16, 18, 21, 22, 23])
(24200, [23])
(24202, [15, 18, 19, 23])
(24204, [23])
(24206, [23])
(24208, [4, 17, 22, 23])
(24209, [1, 20, 23])
(24210, [0, 2, 9, 12, 15, 16, 17, 20, 21, 23])
(24212, [1, 3, 4, 8, 22, 23])
(24213, [0, 2, 13, 14, 16, 17, 22, 23])
(24214, [0, 1, 6, 10, 14, 17, 23])
(24215, [0, 1, 3, 5, 6, 9, 11, 12, 14, 22, 23])
(24219, [4, 10, 14, 15, 17, 20, 22, 23])
(24220, [0, 2, 3, 12, 13, 17, 18, 23])
(24221, [19, 23])
(24222, [0, 1, 3, 4, 5, 6, 7, 10, 11, 13, 14, 15, 16, 17, 18, 20, 21, 22, 23])
(24223, [4, 5, 10, 14, 16, 18, 20, 22, 23])
(24224, [1, 2, 12, 13, 16, 17, 19, 22, 23])
(24226, [4, 7, 10, 15, 23])
(24227, [23])
(24229, [8, 12, 14, 21, 22, 23])
(24231, [8, 15, 17, 23])
(24233, [23])
(24234, [0, 3, 9, 13, 14, 15, 16, 17, 18, 20, 22, 23])
(24237, [0, 2, 5, 6, 11, 12, 14, 15, 17, 18, 19, 22, 23])
(24238, [23])
(24240, [2, 4, 5, 10, 11, 15, 23])
(24241, [9, 13, 14, 22, 23])
(24242, [6, 15, 17, 23])
(24244, [0, 5, 7, 8, 14, 15, 18, 19, 22, 23])
(24246, [0, 1, 2, 3, 4, 6, 7, 8, 10, 11, 13, 14, 15, 16, 17, 18, 19, 20, 21, 22, 23])
(24247, [23])
(24248, [0, 21, 23])
(24249, [23])
(24250, [0, 3, 10, 11, 14, 16, 17, 22, 23])
(24251, [17, 19, 23])
(24252, [0, 1, 2, 3, 4, 7, 8, 9, 10, 12, 13, 14, 15, 16, 17, 18, 19, 20, 21, 22, 23])
(24253, [2, 14, 23])
(24254, [15, 23])
(24255, [6, 23])
(24256, [0, 1, 4, 14, 17, 20, 22, 23])
(24257, [23])
(24258, [8, 10, 13, 14, 15, 16, 17, 18, 20, 21, 23])
(24260, [3, 13, 14, 16, 18, 19, 20, 21, 22, 23])
(24261, [2, 14, 17, 23])
(24262, [13, 23])
(24265, [0, 3, 4, 8, 10, 12, 14, 16, 18, 19, 20, 21, 22, 23])
(24266, [0, 2, 3, 5, 7, 8, 11, 13, 14, 17, 20, 21, 22, 23])
(24267, [0, 5, 7, 10, 12, 17, 23])
(24268, [23])
(24269, [0, 3, 4, 10, 11, 13, 15, 17, 23])
(24270, [1, 4, 5, 10, 11, 12, 13, 14, 15, 16, 17, 18, 20, 23])
(24273, [23])
(24275, [1, 17, 23])
(24277, [0, 1, 2, 8, 9, 10, 11, 12, 14, 15, 17, 18, 20, 21, 22, 23])
(24278, [4, 7, 9, 15, 17, 18, 23])
(24279, [23])
(24280, [23])
(24281, [8, 15, 23])
(24282, [0, 1, 3, 4, 5, 7, 8, 13, 14, 17, 21, 23])
(24283, [21, 23])
(24286, [2, 8, 22, 23])
(24287, [0, 1, 2, 7, 12, 18, 23])
(24289, [3, 6, 20, 23])
(24290, [1, 7, 9, 10, 17, 23])
(24293, [2, 7, 8, 10, 13, 14, 16, 17, 23])
(24295, [1, 10, 16, 23])
(24296, [1, 18, 23])
(24298, [0, 1, 2, 3, 4, 5, 7, 8, 11, 12, 13, 14, 15, 16, 17, 18, 19, 20, 22, 23])
(24299, [23])
(24300, [23])
(24301, [0, 3, 4, 5, 7, 10, 17, 18, 19, 22, 23])
(24304, [23])
(24305, [23])
(24306, [1, 5, 7, 11, 14, 17, 20, 21, 22, 23])
(24307, [23])
(24308, [17, 23])
(24310, [23])
(24312, [0, 1, 2, 4, 5, 6, 7, 8, 10, 11, 12, 14, 15, 16, 17, 19, 20, 22, 23])
(24313, [0, 3, 4, 7, 11, 16, 17, 19, 21, 23])
(24315, [23])
(24316, [20, 22, 23])
(24320, [0, 7, 14, 16, 17, 23])
(24321, [10, 13, 14, 17, 20, 23])
(24322, [14, 15, 16, 17, 23])
(24324, [23])
(24327, [5, 23])
(24328, [0, 6, 7, 10, 16, 17, 18, 23])
(24329, [1, 12, 13, 14, 15, 17, 23])
(24330, [23])
(24331, [0, 6, 7, 22, 23])
(24333, [19, 23])
(24335, [0, 2, 3, 7, 8, 9, 13, 14, 15, 17, 20, 21, 22, 23])
(24339, [1, 7, 8, 11, 23])
(24340, [4, 12, 13, 20, 21, 23])
(24342, [7, 9, 17, 23])
(24344, [21, 23])
(24346, [9, 10, 11, 16, 18, 23])
(24347, [0, 2, 4, 7, 12, 13, 18, 19, 21, 23])
(24348, [0, 3, 5, 8, 16, 19, 23])
(24349, [23])
(24350, [17, 19, 23])
(24351, [22, 23])
(24352, [7, 9, 12, 13, 14, 18, 19, 20, 21, 22, 23])
(24353, [23])
(24354, [9, 17, 23])
(24356, [12, 23])
(24358, [16, 23])
(24359, [10, 21, 23])
(24360, [2, 6, 7, 10, 11, 13, 14, 17, 23])
(24361, [23])
(24362, [8, 14, 16, 17, 23])
(24363, [2, 3, 8, 11, 12, 13, 14, 16, 17, 23])
(24365, [0, 6, 7, 17, 18, 23])
(24367, [0, 23])
(24368, [0, 4, 5, 7, 10, 11, 12, 14, 16, 17, 18, 19, 20, 21, 23])
(24372, [23])
(24373, [0, 2, 6, 8, 9, 11, 12, 13, 15, 17, 18, 19, 21, 22, 23])
(24375, [23])
(24376, [1, 3, 5, 7, 8, 12, 15, 18, 21, 22, 23])
(24378, [7, 13, 14, 16, 19, 22, 23])
(24379, [0, 7, 11, 14, 17, 23])
(24380, [3, 6, 7, 10, 11, 14, 17, 18, 19, 22, 23])
(24383, [21, 23])
(24387, [0, 2, 10, 11, 15, 16, 23])
(24388, [1, 2, 3, 4, 8, 9, 10, 11, 12, 13, 14, 15, 17, 21, 23])
(24390, [23])
(24391, [1, 2, 3, 4, 8, 10, 11, 13, 17, 18, 20, 21, 23])
(24394, [21, 23])
(24395, [0, 3, 4, 5, 7, 11, 18, 22, 23])
(24398, [0, 1, 4, 5, 6, 7, 8, 9, 10, 11, 13, 14, 15, 16, 17, 18, 19, 20, 22, 23])
(24399, [4, 7, 12, 15, 18, 20, 21, 23])
(24400, [5, 7, 15, 19, 23])
(24401, [4, 6, 10, 11, 13, 16, 17, 23])
(24403, [6, 7, 17, 23])
(24404, [0, 3, 4, 6, 7, 8, 13, 14, 15, 16, 17, 20, 21, 22, 23])
(24409, [15, 21, 22, 23])
(24410, [16, 17, 23])
(24412, [3, 10, 18, 21, 22, 23])
(24413, [8, 9, 17, 19, 20, 22, 23])
(24414, [0, 1, 15, 17, 23])
(24417, [1, 7, 10, 13, 19, 21, 23])
(24418, [23])
(24419, [23])
(24422, [23])
(24423, [23])
(24427, [0, 1, 6, 9, 12, 19, 23])
(24430, [0, 2, 3, 4, 5, 7, 8, 10, 11, 14, 15, 16, 17, 18, 19, 20, 21, 22, 23])
(24431, [0, 14, 22, 23])
(24432, [23])
(24433, [1, 9, 14, 16, 17, 20, 22, 23])
(24435, [0, 5, 7, 8, 9, 13, 17, 19, 20, 22, 23])
(24436, [18, 23])
(24438, [0, 5, 7, 11, 14, 16, 17, 18, 19, 23])
(24439, [3, 7, 22, 23])
(24440, [2, 14, 23])
(24441, [2, 8, 10, 17, 20, 21, 22, 23])
(24442, [23])
(24443, [4, 10, 14, 15, 17, 23])
(24445, [23])
(24446, [15, 23])
(24447, [5, 14, 16, 17, 19, 23])
(24448, [23])
(24449, [23])
(24450, [0, 17, 23])
(24451, [23])
(24452, [0, 3, 10, 12, 13, 17, 23])
(24454, [0, 9, 14, 23])
(24455, [12, 13, 15, 23])
(24456, [23])
(24457, [3, 5, 8, 18, 21, 23])
(24460, [13, 23])
(24461, [1, 17, 23])
(24462, [23])
(24464, [0, 7, 8, 9, 11, 15, 17, 18, 22, 23])
(24465, [0, 3, 4, 5, 8, 11, 12, 14, 18, 19, 22, 23])
(24466, [23])
(24467, [0, 5, 6, 12, 15, 16, 17, 18, 21, 23])
(24468, [23])
(24469, [7, 10, 16, 20, 22, 23])
(24472, [0, 1, 5, 6, 18, 23])
(24473, [1, 6, 11, 14, 21, 22, 23])
(24477, [0, 5, 6, 23])
(24478, [2, 17, 22, 23])
(24482, [6, 20, 21, 22, 23])
(24484, [1, 6, 19, 23])
(24485, [0, 1, 23])
(24487, [3, 17, 19, 23])
(24488, [5, 6, 8, 10, 11, 13, 14, 15, 16, 17, 19, 21, 22, 23])
(24489, [7, 16, 23])
(24492, [15, 16, 22, 23])
(24493, [3, 7, 8, 13, 17, 20, 23])
(24497, [3, 4, 7, 8, 10, 11, 14, 15, 17, 20, 21, 22, 23])
(24499, [7, 23])
(24500, [23])
(24501, [23])
(24502, [0, 14, 22, 23])
(24503, [23])
(24505, [0, 2, 3, 4, 5, 7, 8, 10, 11, 12, 13, 15, 16, 17, 18, 19, 21, 23])
(24507, [8, 14, 15, 17, 23])
(24511, [0, 1, 23])
(24512, [1, 3, 4, 7, 13, 14, 23])
(24513, [5, 11, 22, 23])
(24515, [0, 3, 4, 7, 9, 10, 11, 12, 13, 14, 15, 16, 17, 20, 22, 23])
(24516, [23])
(24517, [10, 11, 21, 23])
(24519, [7, 13, 17, 20, 23])
(24520, [0, 2, 3, 4, 6, 8, 9, 10, 11, 13, 17, 20, 22, 23])
(24521, [23])
(24522, [7, 8, 10, 13, 23])
(24523, [2, 6, 10, 18, 22, 23])
(24524, [0, 1, 3, 7, 10, 11, 12, 17, 19, 23])
(24525, [14, 22, 23])
(24527, [23])
(24528, [1, 3, 11, 13, 23])
(24529, [10, 23])
(24531, [22, 23])
(24533, [5, 7, 14, 17, 23])
(24534, [0, 17, 23])
(24536, [5, 19, 23])
(24538, [0, 2, 13, 15, 16, 17, 22, 23])
(24539, [0, 1, 3, 4, 5, 7, 10, 13, 14, 17, 18, 20, 21, 22, 23])
(24540, [6, 22, 23])
(24541, [2, 7, 23])
(24543, [0, 3, 10, 16, 19, 21, 23])
(24546, [4, 13, 14, 17, 20, 23])
(24547, [2, 3, 7, 8, 9, 13, 14, 16, 17, 18, 23])
(24549, [10, 23])
(24550, [17, 23])
(24552, [0, 2, 3, 4, 5, 9, 10, 12, 13, 14, 16, 17, 21, 22, 23])
(24553, [3, 4, 7, 8, 13, 14, 16, 17, 19, 20, 23])
(24555, [23])
(24557, [23])
(24558, [23])
(24562, [0, 1, 2, 3, 5, 7, 8, 9, 10, 11, 12, 13, 14, 15, 16, 17, 18, 19, 20, 21, 22, 23])
(24563, [1, 6, 8, 11, 14, 15, 22, 23])
(24564, [17, 23])
(24567, [2, 3, 5, 7, 10, 12, 14, 17, 19, 20, 22, 23])
(24568, [23])
(24570, [0, 1, 3, 5, 10, 11, 12, 14, 15, 17, 19, 20, 21, 22, 23])
(24572, [0, 10, 15, 23])
(24575, [0, 7, 8, 11, 13, 14, 15, 18, 19, 23])
(24577, [0, 2, 7, 8, 9, 10, 13, 14, 15, 16, 17, 18, 19, 20, 21, 22, 23])
(24579, [3, 4, 7, 8, 11, 17, 19, 20, 23])
(24580, [23])
(24582, [23])
(24583, [14, 23])
(24585, [0, 2, 8, 15, 17, 20, 21, 22, 23])
(24593, [0, 16, 17, 22, 23])
(24594, [8, 12, 14, 15, 18, 20, 22, 23])
(24595, [1, 3, 4, 6, 8, 10, 14, 17, 21, 23])
(24596, [0, 1, 2, 11, 23])
(24597, [23])
(24598, [0, 6, 7, 23])
(24599, [7, 17, 23])
(24600, [1, 2, 5, 13, 23])
(24601, [2, 3, 4, 7, 8, 9, 13, 19, 21, 23])
(24603, [22, 23])
(24604, [5, 23])
(24605, [6, 7, 8, 10, 11, 13, 14, 16, 17, 22, 23])
(24606, [7, 14, 16, 17, 23])
(24607, [23])
(24609, [2, 12, 22, 23])
(24611, [0, 2, 8, 9, 17, 20, 23])
(24612, [0, 5, 9, 11, 19, 23])
(24614, [8, 13, 23])
(24616, [13, 23])
(24617, [0, 23])
(24618, [23])
(24620, [0, 1, 4, 5, 6, 8, 10, 15, 17, 21, 23])
(24623, [0, 2, 3, 4, 5, 6, 7, 8, 9, 10, 11, 13, 14, 15, 16, 17, 18, 19, 20, 21, 22, 23])
(24624, [7, 12, 20, 23])
(24627, [23])
(24628, [23])
(24631, [17, 23])
(24632, [8, 23])
(24634, [0, 23])
(24637, [12, 15, 23])
(24638, [23])
(24639, [3, 8, 11, 12, 14, 15, 22, 23])
(24640, [14, 17, 19, 23])
(24641, [20, 23])
(24642, [23])
(24643, [3, 4, 5, 6, 7, 8, 13, 14, 15, 17, 23])
(24645, [0, 1, 4, 6, 17, 23])
(24646, [18, 23])
(24648, [6, 8, 23])
(24649, [23])
(24650, [23])
(24651, [22, 23])
(24653, [7, 11, 15, 17, 23])
(24654, [23])
(24655, [0, 13, 16, 23])
(24656, [0, 5, 7, 10, 18, 22, 23])
(24657, [23])
(24658, [4, 6, 10, 11, 12, 14, 15, 18, 22, 23, 24])
(24659, [0, 4, 5, 7, 8, 9, 10, 14, 18, 20, 23, 24])
(24660, [2, 3, 8, 12, 13, 17, 20, 22, 24])
(24661, [0, 1, 12, 21, 24])
(24662, [7, 14, 24])
(24663, [0, 2, 9, 15, 18, 21, 24])
(24664, [0, 1, 5, 6, 7, 9, 10, 12, 13, 14, 16, 18, 21, 22, 23, 24])
(24665, [12, 13, 17, 24])
(24666, [0, 1, 4, 5, 6, 7, 8, 12, 15, 18, 19, 20, 21, 22, 24])
(24667, [1, 3, 4, 5, 7, 11, 12, 19, 21, 24])
(24668, [2, 24])
(24669, [2, 24])
(24670, [24])
(24671, [24])
(24672, [0, 1, 3, 8, 12, 13, 14, 15, 16, 17, 19, 22, 23, 24])
(24673, [8, 14, 16, 17, 18, 19, 20, 22, 23, 24])
(24674, [24])
(24675, [18, 24])
(24676, [7, 8, 18, 20, 22, 24])
(24677, [2, 8, 15, 16, 17, 22, 24])
(24678, [0, 9, 17, 24])
(24679, [7, 14, 19, 20, 22, 23, 24])
(24680, [3, 7, 8, 12, 24])
(24681, [0, 1, 2, 3, 4, 5, 6, 7, 8, 9, 10, 11, 13, 14, 15, 16, 17, 18, 19, 20, 21, 22, 23, 24])
(24682, [0, 3, 4, 5, 6, 7, 8, 13, 14, 15, 16, 17, 18, 20, 24])
(24683, [0, 1, 2, 3, 4, 5, 6, 7, 8, 9, 10, 11, 12, 13, 14, 15, 16, 17, 18, 20, 21, 22, 23, 24])
(24684, [8, 13, 24])
(24685, [0, 6, 11, 14, 16, 24])
(24686, [0, 1, 4, 5, 7, 8, 9, 10, 11, 12, 13, 14, 15, 16, 17, 18, 19, 20, 21, 22, 23, 24])
(24687, [2, 6, 7, 8, 9, 15, 16, 17, 21, 24])
(24688, [0, 2, 13, 19, 24])
(24689, [1, 24])
(24690, [0, 1, 2, 3, 4, 5, 7, 9, 10, 13, 14, 15, 16, 17, 18, 19, 20, 21, 22, 23, 24])
(24691, [0, 1, 2, 3, 4, 5, 6, 7, 8, 9, 10, 11, 12, 13, 14, 15, 16, 17, 18, 19, 20, 21, 22, 23, 24])
(24692, [0, 2, 3, 4, 5, 7, 8, 9, 10, 11, 13, 14, 15, 16, 17, 18, 19, 20, 21, 22, 23, 24])
(24693, [2, 3, 5, 7, 8, 10, 11, 17, 18, 20, 21, 24])
(24694, [6, 17, 24])
(24695, [0, 1, 2, 3, 4, 5, 6, 7, 8, 9, 10, 11, 12, 13, 14, 15, 16, 17, 18, 19, 20, 21, 22, 23, 24])
(24696, [0, 1, 2, 3, 4, 5, 6, 7, 8, 9, 10, 11, 12, 13, 14, 15, 16, 17, 18, 19, 20, 21, 22, 23, 24])
(24697, [0, 2, 5, 8, 11, 12, 13, 15, 16, 17, 18, 23, 24])
(24698, [23, 24])
(24699, [0, 1, 2, 3, 4, 5, 7, 8, 9, 10, 11, 12, 13, 14, 15, 16, 17, 18, 21, 22, 24])
(24700, [0, 2, 5, 7, 8, 9, 10, 12, 13, 14, 15, 16, 17, 18, 19, 20, 22, 23, 24])
(24701, [24])
(24702, [0, 2, 3, 4, 5, 7, 8, 10, 11, 12, 13, 16, 17, 18, 19, 21, 23, 24])
(24703, [0, 13, 15, 24])
(24704, [24])
(24705, [24])
(24706, [1, 2, 4, 6, 10, 12, 17, 18, 20, 23, 24])
(24707, [0, 1, 2, 6, 7, 10, 14, 16, 20, 21, 22, 23, 24])
(24708, [0, 2, 9, 11, 13, 14, 16, 17, 24])
(24709, [4, 8, 24])
(24710, [24])
(24711, [0, 4, 11, 20, 22, 23, 24])
(24712, [24])
(24713, [14, 24])
(24714, [24])
(24715, [10, 17, 24])
(24716, [0, 1, 3, 4, 5, 6, 7, 8, 11, 12, 13, 15, 16, 17, 18, 19, 21, 22, 23, 24])
(24717, [24])
(24718, [0, 4, 6, 7, 10, 13, 15, 17, 18, 19, 20, 21, 22, 23, 24])
(24719, [0, 1, 6, 7, 8, 11, 13, 14, 15, 16, 17, 18, 22, 23, 24])
(24720, [15, 24])
(24721, [0, 1, 2, 3, 4, 5, 6, 7, 8, 9, 10, 11, 12, 13, 14, 15, 16, 17, 18, 19, 20, 21, 22, 23, 24])
(24722, [24])
(24723, [0, 5, 7, 10, 12, 14, 18, 19, 22, 24])
(24724, [0, 2, 3, 4, 5, 7, 8, 10, 11, 12, 13, 14, 15, 17, 18, 19, 20, 21, 22, 23, 24])
(24725, [0, 9, 24])
(24726, [0, 9, 10, 15, 18, 24])
(24727, [0, 3, 17, 24])
(24728, [0, 2, 8, 9, 12, 13, 14, 16, 17, 20, 22, 24])
(24729, [24])
(24730, [0, 1, 2, 3, 4, 5, 6, 7, 8, 9, 10, 11, 12, 13, 14, 15, 16, 17, 18, 19, 20, 21, 22, 23, 24])
(24731, [0, 2, 7, 8, 10, 11, 13, 15, 17, 20, 21, 23, 24])
(24732, [24])
(24733, [9, 12, 21, 24])
(24734, [8, 10, 15, 24])
(24735, [0, 1, 8, 12, 14, 17, 19, 22, 23, 24])
(24736, [24])
(24737, [3, 6, 13, 16, 17, 20, 24])
(24738, [0, 3, 4, 6, 7, 11, 12, 14, 15, 16, 17, 18, 20, 22, 23, 24])
(24739, [11, 24])
(24740, [0, 2, 3, 4, 5, 8, 12, 13, 14, 15, 17, 20, 21, 22, 23, 24])
(24741, [2, 15, 23, 24])
(24742, [0, 16, 19, 24])
(24743, [8, 14, 16, 24])
(24744, [10, 24])
(24745, [18, 24])
(24746, [11, 18, 24])
(24747, [6, 7, 8, 11, 13, 17, 19, 22, 23, 24])
(24748, [17, 20, 24])
(24749, [0, 1, 4, 6, 8, 10, 11, 12, 17, 19, 21, 22, 24])
(24750, [0, 1, 2, 3, 5, 7, 8, 9, 10, 11, 12, 13, 14, 16, 17, 18, 19, 20, 21, 22, 23, 24])
(24751, [0, 1, 2, 3, 4, 5, 7, 8, 9, 10, 11, 12, 13, 14, 15, 16, 17, 18, 19, 20, 21, 22, 23, 24])
(24752, [0, 2, 7, 8, 9, 10, 12, 13, 14, 16, 17, 19, 22, 24])
(24753, [0, 17, 21, 24])
(24754, [0, 1, 2, 3, 4, 5, 6, 7, 8, 9, 10, 11, 12, 13, 14, 15, 16, 17, 18, 19, 20, 21, 22, 23, 24])
(24755, [8, 9, 12, 13, 14, 20, 22, 24])
(24756, [0, 1, 2, 7, 8, 9, 10, 11, 12, 13, 14, 15, 16, 17, 18, 19, 20, 21, 22, 23, 24])
(24757, [24])
(24758, [0, 1, 2, 3, 4, 5, 6, 7, 8, 9, 10, 11, 12, 13, 14, 15, 16, 17, 18, 19, 20, 21, 22, 23, 24])
(24759, [0, 1, 2, 3, 4, 5, 6, 7, 8, 9, 10, 11, 12, 13, 14, 15, 16, 17, 18, 19, 20, 21, 22, 23, 24])
(24760, [4, 10, 14, 17, 18, 21, 24])
(24761, [1, 5, 6, 24])
(24762, [0, 1, 2, 3, 4, 5, 6, 7, 8, 9, 10, 11, 12, 13, 14, 15, 16, 17, 18, 19, 20, 21, 22, 23, 24])
(24763, [0, 1, 2, 3, 7, 8, 9, 10, 13, 14, 15, 16, 17, 20, 21, 22, 23, 24])
(24764, [0, 7, 8, 10, 11, 12, 15, 16, 17, 20, 23, 24])
(24765, [24])
(24766, [0, 8, 9, 10, 13, 14, 15, 17, 20, 23, 24])
(24767, [0, 3, 4, 5, 6, 7, 10, 11, 12, 13, 14, 15, 17, 18, 19, 22, 24])
(24768, [19, 24])
(24769, [11, 13, 16, 24])
(24770, [2, 6, 7, 22, 23, 24])
(24771, [10, 17, 21, 24])
(24772, [2, 9, 13, 24])
(24773, [24])
(24774, [10, 24])
(24775, [15, 24])
(24776, [0, 1, 2, 3, 4, 5, 6, 7, 8, 9, 10, 11, 12, 13, 14, 15, 16, 17, 18, 19, 20, 21, 22, 23, 24])
(24777, [24])
(24778, [0, 1, 2, 3, 4, 5, 6, 7, 8, 9, 10, 11, 12, 13, 14, 15, 16, 17, 18, 19, 20, 21, 22, 23, 24])
(24779, [13, 24])
(24780, [0, 1, 2, 4, 5, 9, 10, 14, 15, 17, 21, 22, 24])
(24781, [10, 24])
(24782, [3, 5, 7, 9, 14, 15, 17, 21, 22, 23, 24])
(24783, [11, 20, 22, 24])
(24784, [0, 1, 2, 3, 4, 5, 6, 7, 8, 9, 10, 11, 12, 13, 14, 15, 16, 17, 18, 19, 20, 21, 22, 23, 24])
(24785, [24])
(24786, [0, 1, 3, 4, 5, 7, 8, 9, 10, 11, 12, 13, 14, 15, 16, 17, 19, 20, 21, 22, 23, 24])
(24787, [0, 1, 10, 13, 15, 17, 18, 23, 24])
(24788, [0, 1, 3, 5, 6, 7, 8, 12, 13, 14, 15, 16, 17, 18, 22, 24])
(24789, [2, 6, 7, 8, 9, 10, 11, 13, 14, 15, 16, 17, 20, 22, 23, 24])
(24790, [0, 2, 5, 7, 10, 11, 12, 14, 15, 16, 17, 18, 19, 20, 21, 22, 23, 24])
(24791, [0, 1, 2, 3, 4, 5, 6, 7, 8, 9, 10, 11, 12, 13, 14, 15, 16, 17, 18, 20, 21, 22, 23, 24])
(24792, [9, 13, 20, 24])
(24793, [0, 1, 2, 3, 4, 5, 6, 7, 8, 9, 10, 11, 12, 13, 14, 15, 16, 17, 18, 19, 20, 21, 22, 23, 24])
(24794, [10, 14, 24])
(24795, [5, 10, 11, 15, 24])
(24796, [0, 2, 5, 7, 8, 9, 11, 12, 13, 14, 16, 17, 18, 19, 21, 23, 24])
(24797, [17, 22, 24])
(24798, [14, 16, 21, 24])
(24799, [9, 13, 18, 24])
(24800, [0, 1, 3, 4, 5, 6, 7, 8, 9, 10, 11, 12, 13, 14, 15, 17, 18, 19, 20, 21, 22, 23, 24])
(24801, [2, 22, 24])
(24802, [1, 2, 3, 4, 5, 6, 7, 9, 10, 11, 12, 13, 14, 15, 16, 17, 18, 21, 22, 23, 24])
(24803, [0, 1, 2, 7, 9, 11, 13, 14, 15, 17, 23, 24])
(24804, [6, 8, 17, 24])
(24805, [0, 5, 8, 17, 24])
(24806, [24])
(24807, [5, 8, 22, 23, 24])
(24808, [0, 4, 5, 6, 7, 8, 10, 13, 14, 15, 16, 17, 18, 20, 21, 22, 23, 24])
(24809, [0, 3, 7, 8, 14, 15, 17, 23, 24])
(24810, [0, 8, 9, 12, 17, 24])
(24811, [22, 24])
(24812, [0, 5, 7, 11, 12, 21, 22, 24])
(24813, [2, 3, 5, 8, 13, 14, 16, 17, 18, 19, 20, 23, 24])
(24814, [0, 4, 7, 8, 10, 13, 14, 17, 18, 20, 21, 22, 24])
(24815, [5, 7, 9, 13, 16, 17, 19, 24])
(24816, [0, 2, 3, 4, 5, 6, 7, 8, 9, 10, 11, 13, 14, 15, 16, 17, 18, 19, 20, 21, 22, 23, 24])
(24817, [0, 22, 24])
(24818, [9, 24])
(24819, [0, 1, 5, 8, 9, 12, 13, 14, 15, 16, 17, 20, 21, 22, 24])
(24820, [24])
(24821, [2, 13, 14, 15, 17, 22, 23, 24])
(24822, [0, 7, 9, 10, 13, 15, 17, 24])
(24823, [0, 1, 2, 3, 4, 5, 6, 7, 8, 9, 10, 11, 12, 13, 14, 15, 16, 17, 18, 19, 20, 21, 22, 23, 24])
(24824, [0, 1, 2, 3, 4, 5, 6, 7, 8, 9, 10, 11, 12, 13, 14, 15, 16, 17, 18, 19, 20, 21, 22, 23, 24])
(24825, [24])
(24826, [5, 24])
(24827, [11, 13, 14, 16, 17, 20, 21, 24])
(24828, [2, 4, 10, 15, 22, 24])
(24829, [7, 15, 20, 21, 22, 24])
(24830, [0, 2, 8, 9, 17, 24])
(24831, [0, 1, 2, 3, 4, 5, 10, 12, 13, 14, 15, 16, 17, 18, 19, 20, 22, 23, 24])
(24832, [24])
(24833, [0, 6, 7, 10, 12, 13, 14, 17, 18, 23, 24])
(24834, [0, 1, 2, 3, 4, 5, 6, 7, 8, 9, 10, 11, 12, 13, 14, 15, 16, 17, 18, 19, 20, 21, 22, 23, 24])
(24835, [0, 2, 6, 10, 12, 14, 15, 17, 24])
(24836, [10, 24])
(24837, [2, 7, 8, 10, 11, 14, 17, 22, 23, 24])
(24838, [4, 9, 14, 15, 24])
(24839, [0, 2, 7, 8, 11, 13, 14, 15, 17, 18, 20, 22, 23, 24])
(24840, [0, 13, 14, 17, 19, 24])
(24841, [2, 10, 22, 24])
(24842, [12, 24])
(24843, [17, 24])
(24844, [0, 5, 14, 15, 17, 21, 22, 23, 24])
(24845, [0, 1, 2, 3, 4, 5, 6, 7, 8, 9, 10, 11, 12, 13, 14, 15, 16, 17, 18, 19, 20, 21, 22, 23, 24])
(24846, [8, 12, 15, 18, 21, 22, 24])
(24847, [0, 1, 2, 3, 4, 6, 7, 8, 9, 10, 11, 12, 13, 14, 15, 16, 17, 18, 19, 20, 21, 22, 23, 24])
(24848, [2, 4, 10, 14, 15, 16, 17, 18, 22, 23, 24])
(24849, [0, 2, 3, 4, 5, 6, 8, 9, 10, 11, 13, 14, 15, 16, 17, 18, 19, 21, 22, 23, 24])
(24850, [0, 2, 5, 6, 7, 8, 9, 10, 11, 13, 14, 15, 16, 17, 18, 19, 20, 21, 22, 23, 24])
(24851, [22, 24])
(24852, [6, 11, 14, 24])
(24853, [0, 2, 3, 4, 5, 7, 13, 14, 15, 16, 17, 18, 20, 21, 22, 23, 24])
(24854, [8, 15, 17, 24])
(24855, [2, 7, 17, 21, 24])
(24856, [12, 24])
(24857, [0, 2, 5, 10, 11, 12, 24])
(24858, [0, 3, 4, 5, 7, 8, 9, 11, 12, 13, 14, 15, 16, 17, 23, 24])
(24859, [2, 6, 7, 9, 11, 13, 14, 15, 17, 19, 20, 22, 24])
(24860, [21, 24])
(24861, [24])
(24862, [24])
(24863, [2, 9, 13, 17, 22, 24])
(24864, [9, 11, 24])
(24865, [4, 5, 7, 8, 15, 18, 21, 22, 23, 24])
(24866, [8, 18, 21, 24])
(24867, [1, 6, 23, 24])
(24868, [0, 1, 5, 6, 8, 10, 13, 14, 15, 16, 17, 20, 23, 24])
(24869, [24])
(24870, [0, 2, 3, 4, 5, 8, 12, 16, 17, 18, 23, 24])
(24871, [0, 1, 3, 4, 5, 6, 7, 8, 9, 10, 11, 12, 13, 14, 15, 16, 17, 18, 19, 20, 21, 22, 23, 24])
(24872, [3, 7, 8, 9, 12, 13, 16, 17, 18, 19, 20, 22, 23, 24])
(24873, [0, 1, 2, 4, 6, 7, 9, 10, 11, 12, 13, 14, 15, 16, 17, 18, 22, 24])
(24874, [0, 8, 12, 15, 17, 19, 22, 24])
(24875, [0, 6, 7, 9, 14, 16, 17, 24])
(24876, [9, 24])
(24877, [24])
(24878, [4, 5, 10, 14, 15, 17, 18, 19, 20, 21, 22, 24])
(24879, [2, 9, 10, 22, 24])
(24880, [0, 7, 17, 20, 24])
(24881, [24])
(24882, [24])
(24883, [4, 6, 15, 17, 24])
(24884, [24])
(24885, [17, 24])
(24886, [4, 14, 15, 17, 18, 21, 22, 23, 24])
(24887, [17, 24])
(24888, [15, 18, 24])
(24889, [2, 20, 22, 24])
(24890, [8, 14, 23, 24])
(24891, [0, 3, 5, 6, 9, 10, 11, 12, 13, 14, 16, 18, 22, 24])
(24892, [18, 24])
(24893, [3, 10, 12, 14, 15, 16, 21, 22, 24])
(24894, [24])
(24895, [11, 14, 19, 22, 23, 24])
(24896, [0, 1, 2, 3, 4, 5, 6, 7, 8, 9, 10, 11, 12, 13, 14, 15, 16, 17, 18, 19, 20, 21, 22, 23, 24])
(24897, [0, 6, 10, 12, 15, 16, 17, 22, 24])
(24898, [11, 14, 24])
(24899, [0, 1, 3, 7, 8, 9, 13, 14, 15, 16, 17, 19, 20, 22, 23, 24])
(24900, [11, 24])
(24901, [0, 4, 10, 12, 13, 15, 17, 19, 20, 21, 22, 23, 24])
(24902, [0, 1, 2, 3, 4, 5, 6, 7, 8, 9, 10, 11, 12, 13, 14, 15, 16, 17, 18, 19, 20, 21, 22, 23, 24])
(24903, [0, 1, 2, 3, 4, 5, 6, 7, 8, 9, 10, 11, 12, 13, 14, 15, 16, 17, 18, 19, 20, 21, 22, 23, 24])
(24904, [24])
(24905, [0, 1, 2, 3, 4, 7, 8, 9, 11, 14, 16, 18, 19, 21, 23, 24])
(24906, [2, 9, 15, 16, 17, 24])
(24907, [3, 5, 10, 14, 17, 24])
(24908, [1, 24])
(24909, [17, 24])
(24910, [7, 8, 14, 17, 24])
(24911, [13, 14, 15, 17, 22, 23, 24])
(24912, [24])
(24913, [0, 1, 2, 3, 4, 5, 7, 8, 9, 10, 11, 12, 13, 14, 15, 16, 17, 18, 19, 20, 21, 22, 23, 24])
(24914, [0, 1, 2, 3, 4, 5, 6, 7, 8, 10, 11, 12, 13, 15, 16, 17, 18, 19, 20, 22, 23, 24])
(24915, [7, 12, 24])
(24916, [2, 5, 8, 13, 14, 15, 17, 19, 20, 24])
(24917, [11, 15, 16, 22, 24])
(24918, [2, 5, 7, 8, 14, 15, 17, 24])
(24919, [5, 10, 12, 14, 16, 18, 20, 21, 22, 23, 24])
(24920, [0, 2, 3, 4, 5, 6, 7, 8, 9, 10, 11, 13, 14, 15, 17, 18, 21, 22, 23, 24])
(24921, [0, 3, 7, 8, 10, 11, 12, 17, 19, 20, 22, 23, 24])
(24922, [0, 2, 3, 5, 7, 11, 12, 14, 15, 16, 17, 18, 19, 20, 22, 23, 24])
(24923, [2, 8, 13, 14, 23, 24])
(24924, [0, 1, 3, 4, 5, 7, 8, 9, 10, 11, 13, 14, 15, 16, 17, 18, 20, 21, 22, 23, 24])
(24925, [0, 1, 2, 3, 4, 5, 6, 7, 8, 9, 11, 12, 13, 14, 15, 16, 17, 18, 19, 20, 21, 22, 23, 24])
(24926, [10, 14, 20, 24])
(24927, [13, 24])
(24928, [24])
(24929, [0, 2, 3, 5, 6, 7, 9, 10, 12, 14, 15, 17, 24])
(24930, [17, 19, 21, 23, 24])
(24931, [7, 13, 17, 24])
(24932, [0, 12, 15, 22, 24])
(24933, [0, 14, 16, 23, 24])
(24934, [4, 15, 18, 20, 24])
(24935, [24])
(24936, [15, 22, 24])
(24937, [1, 5, 7, 13, 14, 15, 17, 22, 23, 24])
(24938, [21, 22, 23, 24])
(24939, [20, 22, 23, 24])
(24940, [3, 6, 7, 14, 18, 19, 21, 24])
(24941, [0, 1, 2, 3, 4, 5, 6, 7, 8, 9, 10, 11, 12, 13, 14, 15, 16, 17, 18, 19, 20, 21, 22, 23, 24])
(24942, [24])
(24943, [0, 3, 4, 5, 8, 12, 14, 15, 19, 20, 21, 22, 24])
(24944, [0, 7, 9, 10, 13, 14, 17, 19, 21, 23, 24])
(24945, [24])
(24946, [0, 2, 3, 4, 5, 7, 8, 9, 11, 13, 15, 17, 19, 23, 24])
(24947, [0, 1, 2, 3, 5, 6, 7, 9, 10, 11, 12, 13, 14, 15, 16, 17, 19, 20, 21, 22, 23, 24])
(24948, [0, 1, 2, 3, 4, 5, 6, 7, 8, 10, 11, 12, 13, 14, 15, 16, 17, 18, 19, 20, 21, 22, 23, 24])
(24949, [0, 1, 2, 4, 5, 6, 7, 8, 9, 10, 11, 12, 13, 14, 15, 16, 17, 18, 19, 20, 21, 22, 23, 24])
(24950, [16, 23, 24])
(24951, [0, 10, 14, 17, 24])
(24952, [24])
(24953, [2, 3, 4, 6, 8, 9, 10, 11, 13, 14, 15, 16, 17, 18, 20, 22, 23, 24])
(24954, [1, 24])
(24955, [24])
(24956, [0, 3, 4, 11, 12, 13, 16, 17, 18, 20, 24])
(24957, [24])
(24958, [0, 1, 2, 3, 4, 8, 9, 10, 13, 14, 15, 16, 17, 24])
(24959, [2, 24])
(24960, [0, 8, 12, 13, 15, 22, 24])
(24961, [0, 1, 7, 14, 17, 19, 22, 23, 24])
(24962, [0, 8, 13, 20, 22, 23, 24])
(24963, [0, 1, 2, 3, 4, 5, 6, 7, 8, 9, 10, 11, 12, 13, 14, 15, 16, 17, 18, 19, 20, 21, 22, 23, 24])
(24964, [0, 3, 4, 5, 6, 8, 10, 11, 13, 15, 17, 19, 20, 21, 22, 23, 24])
(24965, [0, 2, 4, 5, 9, 11, 12, 13, 14, 15, 16, 17, 18, 19, 20, 23, 24])
(24966, [5, 6, 7, 10, 11, 13, 15, 16, 24])
(24967, [21, 24])
(24968, [1, 16, 24])
(24969, [24])
(24970, [0, 2, 7, 9, 10, 13, 15, 16, 17, 18, 20, 24])
(24971, [0, 12, 19, 21, 24])
(24972, [0, 1, 2, 3, 4, 5, 6, 7, 8, 9, 10, 11, 12, 13, 14, 15, 16, 17, 18, 19, 20, 21, 22, 23, 24])
(24973, [24])
(24974, [0, 1, 2, 4, 5, 7, 8, 9, 10, 11, 13, 14, 15, 16, 17, 18, 19, 20, 21, 22, 23, 24])
(24975, [1, 3, 5, 9, 10, 11, 22, 23, 24])
(24976, [24])
(24977, [7, 10, 19, 24])
(24978, [24])
(24979, [0, 2, 3, 4, 5, 7, 8, 9, 10, 11, 12, 13, 14, 15, 16, 17, 18, 19, 20, 21, 22, 23, 24])
(24980, [24])
(24981, [2, 11, 12, 17, 24])
(24982, [0, 1, 2, 3, 7, 8, 9, 14, 15, 16, 17, 20, 22, 24])
(24983, [9, 17, 24])
(24984, [24])
(24985, [1, 3, 4, 5, 6, 7, 8, 9, 10, 11, 12, 13, 14, 15, 16, 17, 18, 19, 20, 21, 22, 24])
(24986, [0, 1, 2, 3, 4, 5, 6, 7, 8, 9, 10, 11, 12, 13, 14, 15, 16, 17, 18, 19, 20, 21, 22, 23, 24])
(24987, [14, 17, 20, 22, 24])
(24988, [11, 16, 24])
(24989, [3, 8, 22, 24])
(24990, [23, 24])
(24991, [0, 3, 4, 7, 11, 12, 15, 17, 18, 19, 21, 22, 24])
(24992, [8, 13, 17, 24])
(24993, [4, 5, 24])
(24994, [24])
(24995, [0, 10, 11, 21, 24])
(24996, [3, 5, 22, 24])
(24997, [0, 2, 3, 4, 5, 7, 8, 9, 10, 13, 14, 15, 17, 18, 19, 20, 21, 22, 23, 24])
(24998, [22, 24])
(24999, [0, 1, 2, 5, 7, 8, 9, 10, 11, 12, 13, 15, 16, 17, 18, 19, 20, 21, 23, 24])
(25000, [11, 24])
(25001, [0, 24])
(25002, [0, 7, 14, 15, 22, 23, 24])
(25003, [3, 4, 12, 14, 17, 20, 21, 22, 23, 24])
(25004, [11, 24])
(25005, [0, 2, 3, 4, 8, 13, 14, 17, 18, 20, 24])
(25006, [0, 1, 2, 4, 14, 16, 17, 24])
(25007, [0, 3, 4, 7, 8, 9, 12, 14, 16, 18, 21, 22, 23, 24])
(25008, [19, 21, 24])
(25009, [12, 22, 24])
(25010, [0, 1, 2, 3, 4, 5, 7, 9, 10, 12, 13, 14, 15, 16, 17, 18, 20, 21, 22, 24])
(25011, [24])
(25012, [7, 11, 12, 18, 24])
(25013, [10, 12, 19, 24])
(25014, [0, 2, 3, 4, 5, 6, 7, 8, 9, 10, 11, 13, 14, 15, 16, 17, 19, 21, 22, 23, 24])
(25015, [0, 1, 3, 5, 7, 8, 10, 12, 17, 19, 20, 22, 23, 24])
(25016, [19, 24])
(25017, [0, 1, 5, 6, 7, 8, 10, 11, 13, 14, 15, 16, 17, 19, 20, 21, 22, 24])
(25018, [24])
(25019, [3, 16, 17, 18, 24])
(25020, [16, 24])
(25021, [0, 1, 2, 7, 10, 15, 17, 18, 20, 21, 22, 23, 24])
(25022, [0, 1, 3, 4, 5, 6, 7, 8, 10, 11, 12, 13, 14, 15, 16, 17, 18, 21, 22, 23, 24])
(25023, [2, 4, 5, 7, 8, 10, 11, 13, 14, 15, 16, 17, 20, 23, 24])
(25024, [24])
(25025, [24])
(25026, [9, 24])
(25027, [2, 13, 23, 24])
(25028, [0, 7, 10, 14, 17, 20, 23, 24])
(25029, [24])
(25030, [24])
(25031, [0, 2, 3, 4, 5, 7, 8, 9, 10, 11, 12, 13, 14, 15, 16, 17, 18, 20, 21, 22, 23, 24])
(25032, [0, 3, 10, 13, 14, 15, 16, 21, 23, 24])
(25033, [0, 1, 2, 3, 4, 5, 6, 7, 8, 9, 10, 11, 12, 13, 14, 15, 16, 17, 18, 19, 20, 21, 22, 23, 24])
(25034, [14, 24])
(25035, [24])
(25036, [2, 4, 7, 12, 13, 15, 17, 18, 22, 23, 24])
(25037, [2, 5, 10, 13, 17, 18, 21, 23, 24])
(25038, [1, 2, 3, 4, 5, 7, 8, 10, 11, 12, 13, 15, 16, 17, 18, 19, 21, 24])
(25039, [0, 1, 4, 5, 6, 7, 8, 10, 11, 12, 13, 14, 15, 16, 17, 18, 19, 20, 21, 22, 23, 24])
(25040, [8, 13, 17, 22, 24])
(25041, [3, 4, 7, 10, 11, 13, 15, 24])
(25042, [4, 6, 8, 12, 13, 14, 15, 16, 17, 21, 22, 24])
(25043, [24])
(25044, [1, 2, 3, 11, 13, 16, 17, 18, 20, 21, 22, 23, 24])
(25045, [2, 24])
(25046, [0, 1, 3, 4, 5, 6, 7, 8, 10, 11, 12, 13, 14, 15, 16, 17, 19, 21, 22, 23, 24])
(25047, [0, 2, 3, 9, 10, 11, 12, 13, 14, 15, 16, 17, 20, 22, 23, 24])
(25048, [4, 5, 9, 10, 13, 16, 17, 18, 24])
(25049, [0, 4, 7, 8, 10, 12, 13, 14, 15, 17, 18, 24])
(25050, [7, 11, 15, 16, 17, 24])
(25051, [0, 10, 13, 14, 17, 22, 24])
(25052, [1, 3, 11, 24])
(25053, [13, 24])
(25054, [2, 6, 7, 8, 10, 14, 17, 19, 20, 23, 24])
(25055, [2, 12, 17, 24])
(25056, [0, 1, 3, 4, 5, 6, 7, 8, 10, 11, 12, 14, 15, 20, 21, 22, 24])
(25057, [24])
(25058, [0, 1, 2, 3, 4, 5, 7, 8, 9, 10, 11, 12, 13, 14, 15, 16, 17, 18, 19, 20, 21, 22, 23, 24])
(25059, [24])
(25060, [1, 2, 7, 12, 13, 17, 20, 21, 24])
(25061, [0, 2, 3, 4, 5, 6, 13, 19, 20, 21, 22, 23, 24])
(25062, [2, 13, 15, 16, 17, 20, 24])
(25063, [0, 1, 2, 4, 5, 6, 7, 8, 9, 10, 11, 12, 13, 14, 15, 16, 17, 18, 19, 20, 21, 22, 24])
(25064, [0, 1, 4, 6, 8, 11, 13, 14, 15, 16, 17, 18, 22, 23, 24])
(25065, [3, 7, 8, 19, 21, 24])
(25066, [0, 1, 2, 3, 4, 5, 7, 8, 9, 10, 11, 12, 13, 14, 15, 16, 17, 18, 19, 20, 21, 22, 23, 24])
(25067, [0, 3, 5, 8, 11, 13, 15, 17, 19, 21, 22, 23, 24])
(25068, [0, 4, 7, 8, 11, 13, 14, 15, 16, 17, 18, 19, 20, 21, 22, 23, 24])
(25069, [2, 17, 18, 24])
(25070, [0, 2, 5, 14, 15, 17, 21, 22, 23, 24])
(25071, [0, 1, 3, 4, 6, 8, 15, 21, 22, 23, 24])
(25072, [2, 7, 9, 14, 19, 22, 24])
(25073, [24])
(25074, [0, 2, 4, 11, 12, 15, 17, 21, 22, 24])
(25075, [24])
(25076, [24])
(25077, [0, 3, 4, 5, 6, 7, 8, 9, 10, 12, 14, 15, 16, 17, 21, 22, 24])
(25078, [0, 1, 2, 4, 5, 6, 7, 8, 9, 10, 11, 12, 13, 14, 15, 16, 17, 18, 19, 20, 21, 22, 23, 24])
(25079, [2, 10, 17, 18, 19, 22, 24])
(25080, [0, 1, 2, 3, 4, 5, 6, 7, 8, 9, 10, 11, 13, 14, 15, 16, 17, 18, 19, 20, 22, 23, 24])
(25081, [0, 1, 2, 3, 4, 5, 6, 7, 8, 9, 10, 11, 12, 13, 14, 15, 16, 17, 18, 19, 20, 21, 22, 23, 24])
(25082, [0, 1, 3, 5, 7, 8, 9, 10, 12, 14, 15, 17, 18, 21, 23, 24])
(25083, [1, 10, 11, 12, 13, 14, 15, 16, 17, 18, 20, 21, 22, 23, 24])
(25084, [5, 24])
(25085, [15, 17, 18, 24])
(25086, [3, 8, 13, 22, 24])
(25087, [7, 24])
(25088, [11, 17, 24])
(25089, [0, 1, 2, 3, 4, 5, 6, 7, 8, 9, 10, 11, 12, 13, 14, 15, 16, 17, 18, 19, 20, 21, 22, 23, 24])
(25090, [24])
(25091, [0, 2, 3, 4, 6, 8, 9, 13, 15, 16, 17, 18, 19, 21, 22, 23, 24])
(25092, [5, 8, 12, 13, 16, 22, 24])
(25093, [21, 24])
(25094, [0, 5, 17, 18, 19, 20, 21, 23, 24])
(25095, [0, 6, 9, 10, 11, 12, 13, 17, 18, 24])
(25096, [0, 2, 3, 6, 10, 11, 14, 15, 16, 18, 19, 21, 22, 24])
(25097, [24])
(25098, [24])
(25099, [0, 2, 3, 4, 5, 6, 7, 8, 10, 11, 12, 13, 14, 15, 16, 17, 18, 20, 21, 22, 23, 24])
(25100, [2, 9, 10, 12, 15, 17, 22, 24])
(25101, [0, 1, 3, 4, 5, 7, 8, 9, 10, 11, 12, 13, 14, 15, 16, 17, 18, 19, 20, 21, 22, 23, 24])
(25102, [0, 2, 3, 4, 5, 7, 8, 9, 10, 12, 13, 14, 15, 16, 17, 18, 19, 20, 21, 22, 23, 24])
(25103, [0, 1, 2, 3, 4, 5, 6, 7, 8, 9, 10, 11, 12, 13, 14, 15, 16, 17, 18, 19, 20, 21, 22, 23, 24])
(25104, [24])
(25105, [9, 13, 17, 20, 21, 22, 24])
(25106, [0, 2, 3, 8, 14, 17, 18, 19, 20, 22, 23, 24])
(25107, [0, 1, 2, 3, 5, 6, 7, 8, 9, 10, 11, 12, 13, 14, 15, 16, 17, 18, 19, 20, 21, 22, 23, 24])
(25108, [0, 2, 4, 5, 6, 7, 8, 9, 10, 11, 13, 14, 15, 16, 17, 18, 19, 20, 21, 22, 23, 24])
(25109, [11, 24])
(25110, [24])
(25111, [0, 1, 2, 3, 4, 5, 6, 7, 8, 9, 10, 11, 12, 13, 14, 15, 16, 17, 18, 19, 20, 21, 22, 23, 24])
(25112, [0, 24])
(25113, [0, 1, 2, 4, 7, 8, 11, 12, 14, 15, 16, 17, 18, 19, 20, 21, 22, 23, 24])
(25114, [4, 10, 11, 16, 18, 22, 24])
(25115, [0, 6, 10, 20, 24])
(25116, [24])
(25117, [0, 1, 3, 4, 5, 6, 7, 8, 10, 11, 12, 13, 14, 15, 16, 17, 18, 19, 20, 21, 22, 23, 24])
(25118, [0, 2, 3, 4, 5, 6, 7, 8, 9, 10, 11, 12, 13, 14, 15, 16, 17, 18, 19, 20, 21, 22, 23, 24])
(25119, [24])
(25120, [7, 24])
(25121, [0, 1, 2, 3, 4, 5, 6, 7, 8, 9, 10, 11, 12, 13, 14, 15, 16, 17, 18, 19, 20, 21, 22, 23, 24])
(25122, [1, 2, 5, 23, 24])
(25123, [0, 2, 3, 4, 5, 6, 7, 9, 10, 11, 12, 13, 14, 15, 16, 17, 19, 20, 21, 22, 23, 24])
(25124, [4, 8, 14, 15, 16, 17, 24])
(25125, [0, 1, 6, 8, 10, 11, 12, 17, 21, 24])
(25126, [5, 7, 8, 9, 14, 16, 17, 20, 21, 22, 23, 24])
(25127, [24])
(25128, [0, 1, 2, 3, 4, 5, 6, 7, 8, 9, 10, 11, 12, 13, 14, 15, 16, 17, 18, 19, 20, 21, 22, 23, 24])
(25129, [9, 24])
(25130, [2, 9, 24])
(25131, [0, 1, 2, 3, 4, 5, 7, 8, 9, 10, 11, 12, 13, 14, 15, 16, 17, 18, 19, 20, 21, 22, 23, 24])
(25132, [24])
(25133, [0, 1, 2, 3, 4, 5, 6, 7, 8, 9, 10, 11, 12, 13, 14, 15, 16, 17, 18, 19, 20, 21, 22, 23, 24])
(25134, [3, 4, 10, 15, 17, 24])
(25135, [2, 9, 24])
(25136, [0, 9, 10, 14, 22, 24])
(25137, [0, 1, 2, 3, 4, 5, 6, 7, 8, 9, 10, 11, 12, 13, 14, 15, 16, 17, 18, 19, 20, 21, 22, 23, 24])
(25138, [0, 1, 2, 3, 4, 5, 6, 7, 8, 10, 11, 12, 13, 14, 15, 16, 17, 18, 19, 20, 21, 22, 23, 24])
(25139, [0, 2, 6, 9, 10, 11, 13, 15, 17, 18, 21, 23, 24])
(25140, [2, 4, 5, 10, 11, 12, 16, 17, 19, 21, 22, 23, 24])
(25141, [0, 1, 2, 3, 4, 5, 6, 7, 8, 9, 10, 11, 12, 13, 14, 15, 16, 17, 18, 19, 20, 21, 22, 23, 24])
(25142, [0, 3, 4, 7, 9, 10, 11, 13, 14, 15, 16, 17, 22, 23, 24])
(25143, [0, 1, 2, 3, 4, 5, 6, 7, 8, 9, 10, 11, 12, 13, 14, 15, 16, 17, 18, 19, 20, 21, 22, 23, 24])
(25144, [11, 14, 16, 17, 24])
(25145, [24])
(25146, [0, 2, 4, 5, 7, 8, 9, 10, 14, 17, 18, 19, 22, 24])
(25147, [24])
(25148, [0, 2, 8, 9, 10, 11, 12, 13, 15, 16, 17, 18, 19, 20, 21, 22, 23, 24])
(25149, [11, 12, 18, 19, 21, 22, 24])
(25150, [2, 13, 16, 17, 21, 23, 24])
(25151, [13, 23, 24])
(25152, [4, 20, 24])
(25153, [0, 2, 3, 8, 9, 10, 13, 14, 15, 16, 17, 20, 21, 22, 23, 24])
(25154, [0, 2, 6, 10, 11, 12, 14, 16, 17, 18, 19, 21, 23, 24])
(25155, [16, 24])
(25156, [24])
(25157, [8, 17, 24])
(25158, [0, 3, 14, 24])
(25159, [0, 1, 10, 14, 15, 20, 21, 22, 23, 24])
(25160, [0, 1, 2, 3, 4, 5, 6, 7, 8, 9, 10, 11, 12, 13, 14, 15, 16, 17, 18, 19, 20, 21, 22, 23, 24])
(25161, [0, 12, 14, 15, 16, 17, 18, 19, 21, 22, 23, 24])
(25162, [0, 2, 7, 9, 10, 11, 12, 15, 17, 18, 19, 21, 22, 23, 24])
(25163, [13, 15, 17, 20, 23, 24])
(25164, [0, 1, 2, 8, 16, 17, 18, 22, 24])
(25165, [0, 7, 15, 16, 17, 18, 20, 22, 23, 24])
(25166, [12, 15, 24])
(25167, [1, 20, 24])
(25168, [0, 2, 7, 8, 10, 12, 15, 16, 19, 20, 21, 22, 24])
(25169, [2, 4, 9, 10, 13, 15, 17, 20, 24])
(25170, [0, 1, 2, 4, 5, 6, 7, 8, 10, 11, 14, 15, 16, 17, 18, 19, 20, 21, 22, 23, 24])
(25171, [3, 5, 13, 21, 24])
(25172, [0, 3, 5, 6, 7, 8, 13, 14, 17, 18, 20, 22, 24])
(25173, [1, 12, 24])
(25174, [24])
(25175, [18, 24])
(25176, [1, 6, 9, 13, 14, 15, 16, 17, 18, 21, 23, 24])
(25177, [1, 8, 9, 10, 11, 12, 13, 14, 15, 16, 17, 18, 19, 21, 22, 23, 24])
(25178, [0, 2, 3, 4, 5, 6, 8, 9, 10, 12, 13, 14, 15, 16, 17, 18, 19, 20, 21, 22, 23, 24])
(25179, [0, 1, 2, 3, 4, 5, 6, 7, 8, 9, 11, 12, 13, 14, 15, 16, 17, 18, 19, 20, 21, 22, 23, 24])
(25180, [8, 9, 13, 15, 16, 17, 24])
(25181, [0, 1, 2, 7, 8, 10, 14, 15, 18, 24])
(25182, [10, 24])
(25183, [15, 24])
(25184, [0, 1, 2, 3, 4, 5, 8, 10, 11, 13, 14, 17, 18, 19, 20, 21, 22, 23, 24])
(25185, [14, 24])
(25186, [0, 1, 7, 10, 12, 17, 24])
(25187, [0, 1, 8, 11, 23, 24])
(25188, [0, 2, 3, 5, 7, 8, 9, 10, 11, 12, 13, 14, 15, 16, 17, 18, 19, 20, 21, 22, 23, 24])
(25189, [0, 3, 8, 13, 17, 19, 24])
(25190, [0, 22, 24])
(25191, [0, 1, 2, 3, 4, 5, 6, 7, 8, 9, 10, 11, 12, 13, 14, 15, 16, 17, 18, 19, 20, 21, 22, 23, 24])
(25192, [24])
(25193, [3, 13, 24])
(25194, [0, 1, 2, 4, 13, 15, 17, 21, 22, 23, 24])
(25195, [1, 2, 9, 11, 17, 19, 24])
(25196, [22, 23, 24])
(25197, [17, 22, 24])
(25198, [2, 15, 22, 24])
(25199, [0, 1, 2, 5, 6, 7, 11, 12, 13, 14, 17, 19, 20, 21, 22, 24])
(25200, [4, 5, 6, 7, 8, 9, 13, 14, 15, 17, 18, 19, 22, 24])
(25201, [0, 2, 3, 6, 13, 14, 16, 17, 24])
(25202, [3, 4, 7, 21, 23, 24])
(25203, [7, 12, 24])
(25204, [2, 3, 6, 7, 8, 10, 11, 12, 13, 15, 16, 17, 18, 20, 21, 23, 24])
(25205, [17, 24])
(25206, [9, 10, 11, 13, 17, 22, 24])
(25207, [0, 2, 3, 5, 8, 9, 10, 14, 15, 17, 19, 21, 22, 24])
(25208, [2, 8, 11, 12, 24])
(25209, [0, 7, 12, 18, 24])
(25210, [11, 22, 23, 24])
(25211, [0, 13, 16, 22, 24])
(25212, [0, 3, 4, 5, 6, 8, 12, 16, 17, 18, 22, 24])
(25213, [16, 19, 22, 24])
(25214, [24])
(25215, [11, 24])
(25216, [24])
(25217, [0, 13, 14, 15, 17, 22, 23, 24])
(25218, [0, 2, 7, 9, 10, 13, 15, 17, 20, 23, 24])
(25219, [2, 8, 9, 10, 11, 13, 14, 15, 16, 17, 20, 24])
(25220, [3, 7, 13, 15, 17, 24])
(25221, [3, 4, 5, 7, 8, 11, 15, 21, 22, 24])
(25222, [8, 12, 14, 23, 24])
(25223, [0, 7, 17, 24])
(25224, [0, 3, 11, 14, 15, 16, 17, 19, 20, 23, 24])
(25225, [24])
(25226, [0, 1, 2, 3, 4, 5, 6, 8, 9, 10, 11, 12, 13, 14, 15, 17, 18, 20, 22, 23, 24])
(25227, [24])
(25228, [0, 1, 2, 9, 10, 11, 12, 13, 14, 15, 17, 18, 19, 20, 21, 22, 23, 24])
(25229, [0, 1, 6, 8, 11, 13, 14, 16, 17, 18, 22, 23, 24])
(25230, [0, 1, 3, 4, 5, 8, 10, 12, 13, 14, 15, 16, 17, 18, 19, 20, 21, 22, 23, 24])
(25231, [0, 3, 4, 5, 8, 9, 13, 14, 15, 16, 17, 22, 23, 24])
(25232, [12, 24])
(25233, [6, 9, 11, 14, 17, 21, 23, 24])
(25234, [0, 1, 4, 7, 9, 10, 11, 12, 13, 14, 15, 16, 17, 19, 20, 21, 22, 24])
(25235, [0, 1, 2, 3, 5, 6, 7, 8, 9, 10, 11, 12, 13, 14, 15, 17, 18, 20, 21, 22, 23, 24])
(25236, [0, 1, 8, 14, 16, 19, 20, 23, 24])
(25237, [0, 2, 4, 7, 8, 9, 10, 11, 12, 13, 14, 15, 16, 17, 19, 20, 21, 22, 23, 24])
(25238, [24])
(25239, [0, 2, 8, 9, 10, 11, 13, 15, 16, 17, 21, 22, 23, 24])
(25240, [0, 14, 17, 22, 24])
(25241, [12, 24])
(25242, [2, 12, 17, 22, 24])
(25243, [2, 10, 17, 19, 24])
(25244, [0, 1, 2, 3, 4, 5, 6, 7, 8, 10, 11, 12, 13, 14, 15, 16, 17, 18, 19, 20, 21, 22, 23, 24])
(25245, [0, 9, 11, 12, 13, 14, 20, 24])
(25246, [3, 4, 5, 13, 17, 20, 24])
(25247, [2, 9, 13, 20, 24])
(25248, [6, 14, 15, 24])
(25249, [0, 1, 2, 3, 4, 5, 7, 8, 9, 10, 11, 12, 13, 14, 15, 16, 17, 18, 19, 20, 21, 22, 23, 24])
(25250, [0, 1, 2, 3, 4, 5, 6, 7, 8, 9, 10, 11, 12, 13, 14, 15, 16, 17, 18, 19, 20, 21, 22, 23, 24])
(25251, [0, 2, 5, 7, 9, 11, 13, 15, 17, 18, 19, 21, 22, 23, 24])
(25252, [0, 1, 13, 14, 17, 18, 20, 24])
(25253, [0, 23, 24])
(25254, [0, 5, 6, 13, 17, 19, 24])
(25255, [13, 16, 24])
(25256, [0, 1, 8, 10, 14, 15, 17, 20, 21, 22, 24])
(25257, [0, 1, 4, 6, 10, 11, 13, 14, 16, 17, 18, 19, 24])
(25258, [0, 7, 15, 17, 20, 24])
(25259, [2, 3, 12, 18, 24])
(25260, [0, 1, 3, 5, 6, 7, 9, 11, 12, 13, 14, 15, 16, 17, 18, 19, 20, 22, 23, 24])
(25261, [10, 24])
(25262, [2, 3, 8, 17, 20, 23, 24])
(25263, [24])
(25264, [17, 24])
(25265, [0, 1, 2, 6, 7, 8, 12, 13, 14, 15, 16, 17, 18, 19, 20, 21, 22, 23, 24])
(25266, [1, 3, 4, 5, 6, 8, 10, 12, 13, 14, 15, 16, 18, 21, 22, 23, 24])
(25267, [0, 2, 8, 9, 11, 12, 13, 15, 17, 18, 23, 24])
(25268, [3, 4, 7, 8, 10, 13, 14, 16, 17, 20, 22, 24])
(25269, [0, 8, 14, 16, 17, 22, 23, 24])
(25270, [0, 4, 7, 17, 20, 21, 24])
(25271, [0, 1, 2, 3, 4, 5, 8, 9, 10, 12, 13, 14, 15, 16, 17, 18, 19, 20, 21, 22, 23, 24])
(25272, [24])
(25273, [0, 1, 2, 5, 8, 10, 11, 14, 16, 17, 20, 21, 23, 24])
(25274, [0, 2, 3, 4, 5, 10, 11, 14, 15, 16, 19, 20, 21, 23, 24])
(25275, [17, 24])
(25276, [0, 1, 2, 5, 6, 7, 8, 9, 10, 11, 12, 13, 14, 15, 16, 17, 18, 19, 21, 22, 23, 24])
(25277, [0, 1, 2, 4, 5, 6, 7, 8, 9, 10, 11, 12, 13, 14, 15, 16, 17, 18, 19, 20, 21, 22, 23, 24])
(25278, [0, 1, 3, 6, 7, 14, 15, 17, 21, 22, 23, 24])
(25279, [11, 14, 15, 16, 17, 21, 22, 23, 24])
(25280, [0, 1, 7, 8, 9, 10, 13, 15, 17, 21, 24])
(25281, [10, 12, 15, 16, 17, 20, 21, 22, 23, 24])
(25282, [1, 2, 7, 8, 9, 10, 11, 13, 14, 15, 16, 17, 18, 19, 22, 24])
(25283, [2, 6, 13, 15, 24])
(25284, [0, 1, 2, 3, 4, 5, 6, 7, 8, 9, 10, 11, 12, 13, 14, 15, 16, 17, 18, 19, 20, 21, 22, 23, 24])
(25285, [2, 6, 7, 11, 13, 15, 24])
(25286, [0, 2, 3, 4, 7, 13, 14, 17, 20, 22, 23, 24])
(25287, [24])
(25288, [24])
(25289, [0, 16, 19, 20, 21, 24])
(25290, [11, 19, 24])
(25291, [0, 1, 2, 3, 4, 5, 6, 7, 8, 9, 10, 11, 12, 13, 14, 15, 16, 17, 19, 20, 22, 23, 24])
(25292, [0, 1, 3, 4, 6, 7, 8, 10, 11, 13, 14, 15, 17, 18, 19, 21, 22, 24])
(25293, [2, 14, 15, 19, 22, 23, 24])
(25294, [0, 1, 2, 3, 4, 5, 6, 7, 10, 12, 13, 14, 16, 17, 18, 19, 20, 21, 22, 23, 24])
(25295, [0, 2, 3, 4, 5, 7, 8, 9, 10, 11, 12, 13, 14, 17, 21, 23, 24])
(25296, [21, 22, 24])
(25297, [0, 1, 2, 3, 4, 5, 6, 7, 9, 10, 11, 12, 13, 15, 16, 17, 18, 20, 21, 22, 23, 24])
(25298, [0, 3, 5, 7, 8, 9, 10, 11, 12, 13, 14, 15, 16, 17, 18, 19, 21, 22, 23, 24])
(25299, [2, 3, 24])
(25300, [0, 1, 8, 10, 14, 15, 18, 19, 20, 21, 22, 23, 24])
(25301, [0, 7, 8, 9, 10, 11, 15, 17, 22, 24])
(25302, [2, 8, 10, 24])
(25303, [3, 24])
(25304, [0, 1, 2, 3, 13, 14, 15, 16, 17, 20, 21, 22, 24])
(25305, [1, 4, 7, 9, 11, 12, 18, 20, 21, 22, 23, 24])
(25306, [3, 14, 16, 17, 21, 24])
(25307, [0, 5, 11, 16, 17, 22, 24])
(25308, [0, 1, 2, 3, 5, 6, 7, 8, 11, 12, 13, 14, 15, 17, 18, 21, 22, 23, 24])
(25309, [0, 24])
(25310, [0, 1, 2, 3, 4, 5, 6, 7, 8, 9, 10, 11, 12, 13, 14, 15, 16, 17, 18, 19, 20, 21, 22, 23, 24])
(25311, [0, 9, 10, 11, 15, 17, 22, 24])
(25312, [3, 10, 12, 16, 17, 22, 24])
(25313, [0, 7, 9, 10, 11, 13, 15, 16, 17, 19, 20, 21, 23, 24])
(25314, [8, 13, 14, 15, 16, 17, 24])
(25315, [10, 11, 24])
(25316, [20, 22, 23, 24])
(25317, [2, 5, 9, 17, 19, 24])
(25318, [24])
(25319, [0, 1, 2, 3, 4, 5, 6, 7, 8, 9, 10, 11, 12, 13, 14, 15, 16, 17, 18, 19, 20, 21, 22, 23, 24])
(25320, [0, 2, 12, 14, 15, 16, 17, 19, 20, 21, 22, 23, 24])
(25321, [0, 8, 24])
(25322, [24])
(25323, [24])
(25324, [0, 1, 2, 3, 4, 5, 6, 7, 8, 10, 12, 13, 14, 15, 16, 17, 18, 19, 20, 21, 23, 24])
(25325, [9, 24])
(25326, [0, 2, 3, 6, 8, 9, 10, 11, 13, 16, 17, 18, 19, 20, 21, 22, 24])
(25327, [0, 1, 3, 7, 13, 14, 15, 16, 17, 19, 20, 21, 22, 23, 24])
(25328, [24])
(25329, [1, 3, 4, 6, 9, 10, 12, 13, 14, 16, 18, 19, 20, 21, 22, 23, 24])
(25330, [9, 13, 17, 24])
(25331, [0, 1, 6, 10, 12, 13, 14, 15, 17, 18, 19, 20, 21, 22, 23, 24])
(25332, [21, 24])
(25333, [0, 2, 3, 5, 7, 8, 9, 10, 11, 12, 13, 14, 15, 16, 17, 18, 19, 20, 21, 22, 23, 24])
(25334, [0, 2, 7, 14, 15, 17, 19, 21, 24])
(25335, [24])
(25336, [3, 7, 8, 12, 13, 17, 18, 19, 22, 24])
(25337, [0, 2, 7, 8, 9, 13, 14, 15, 16, 17, 18, 19, 20, 21, 22, 23, 24])
(25338, [24])
(25339, [24])
(25340, [5, 8, 17, 23, 24])
(25341, [19, 24])
(25342, [11, 17, 19, 21, 24])
(25343, [10, 18, 24])
(25344, [0, 4, 5, 6, 7, 8, 13, 14, 24])
(25345, [1, 7, 24])
(25346, [0, 4, 14, 15, 17, 23, 24])
(25347, [2, 24])
(25348, [24])
(25349, [0, 1, 9, 14, 17, 21, 23, 24])
(25350, [24])
(25351, [0, 9, 15, 22, 24])
(25352, [4, 24])
(25353, [13, 16, 17, 19, 22, 24])
(25354, [0, 1, 2, 5, 8, 10, 12, 13, 14, 15, 17, 18, 19, 20, 22, 23, 24])
(25355, [1, 24])
(25356, [17, 20, 23, 24])
(25357, [4, 7, 8, 17, 21, 24])
(25358, [0, 2, 3, 4, 5, 6, 7, 8, 11, 13, 14, 15, 16, 17, 18, 19, 20, 21, 22, 23, 24])
(25359, [11, 12, 15, 17, 24])
(25360, [0, 1, 2, 3, 4, 5, 6, 7, 8, 9, 10, 11, 12, 13, 14, 15, 16, 17, 18, 19, 20, 21, 22, 23, 24])
(25361, [24])
(25362, [3, 5, 7, 8, 11, 13, 14, 18, 20, 22, 23, 24])
(25363, [1, 3, 4, 5, 6, 7, 10, 12, 13, 15, 17, 18, 20, 21, 23, 24])
(25364, [2, 19, 24])
(25365, [2, 3, 4, 8, 10, 11, 15, 17, 20, 22, 24])
(25366, [17, 24])
(25367, [1, 4, 5, 7, 8, 10, 11, 17, 20, 21, 24])
(25368, [7, 23, 24])
(25369, [0, 1, 2, 5, 6, 7, 8, 9, 10, 11, 12, 13, 14, 15, 16, 17, 18, 20, 22, 23, 24])
(25370, [4, 5, 6, 7, 8, 9, 10, 11, 13, 14, 16, 17, 18, 20, 23, 24])
(25371, [0, 4, 5, 8, 9, 12, 17, 24])
(25372, [0, 2, 3, 4, 5, 6, 7, 8, 9, 10, 11, 12, 13, 14, 15, 16, 17, 18, 19, 20, 21, 22, 23, 24])
(25373, [0, 1, 7, 23, 24])
(25374, [0, 2, 3, 5, 8, 9, 17, 20, 24])
(25375, [0, 1, 3, 6, 7, 8, 10, 11, 12, 13, 14, 15, 16, 17, 18, 19, 21, 22, 24])
(25376, [1, 2, 3, 4, 7, 14, 17, 21, 23, 24])
(25377, [0, 1, 2, 3, 4, 5, 6, 7, 8, 9, 10, 11, 12, 13, 14, 15, 16, 17, 18, 19, 20, 21, 22, 23, 24])
(25378, [3, 5, 7, 24])
(25379, [24])
(25380, [6, 8, 10, 11, 13, 14, 15, 17, 18, 20, 21, 22, 24])
(25381, [24])
(25382, [0, 4, 5, 7, 24])
(25383, [0, 11, 16, 17, 19, 24])
(25384, [10, 24])
(25385, [0, 1, 3, 4, 5, 6, 7, 8, 11, 12, 13, 14, 15, 16, 17, 19, 20, 21, 22, 24])
(25386, [0, 2, 3, 4, 5, 7, 8, 11, 13, 14, 15, 17, 18, 19, 20, 21, 22, 23, 24])
(25387, [0, 17, 24])
(25388, [0, 2, 5, 6, 7, 8, 10, 11, 12, 13, 14, 16, 17, 19, 20, 21, 22, 24])
(25389, [0, 1, 2, 3, 4, 5, 6, 7, 8, 10, 11, 12, 13, 14, 15, 16, 17, 18, 19, 20, 21, 22, 23, 24])
(25390, [5, 6, 12, 24])
(25391, [2, 23, 24])
(25392, [2, 15, 24])
(25393, [0, 1, 2, 8, 9, 10, 12, 13, 14, 15, 16, 17, 18, 19, 22, 23, 24])
(25394, [0, 16, 20, 24])
(25395, [0, 3, 18, 23, 24])
(25396, [11, 14, 15, 16, 17, 21, 22, 23, 24])
(25397, [24])
(25398, [0, 1, 2, 5, 10, 11, 13, 14, 15, 16, 17, 19, 20, 21, 22, 23, 24])
(25399, [1, 5, 9, 12, 23, 24])
(25400, [0, 1, 3, 6, 7, 8, 10, 13, 14, 15, 17, 18, 20, 21, 24])
(25401, [0, 1, 2, 4, 5, 7, 10, 13, 14, 15, 17, 18, 20, 22, 23, 24])
(25402, [0, 2, 7, 10, 17, 18, 21, 22, 23, 24])
(25403, [12, 24])
(25404, [0, 4, 13, 15, 17, 18, 21, 23, 24])
(25405, [0, 9, 11, 12, 17, 18, 21, 23, 24])
(25406, [9, 19, 24])
(25407, [1, 3, 5, 7, 8, 10, 11, 12, 15, 19, 20, 22, 23, 24])
(25408, [0, 2, 10, 11, 12, 14, 15, 16, 17, 18, 20, 21, 22, 23, 24])
(25409, [12, 24])
(25410, [0, 1, 4, 5, 7, 8, 9, 11, 13, 14, 16, 17, 18, 19, 21, 22, 23, 24])
(25411, [0, 7, 10, 21, 24])
(25412, [5, 6, 7, 17, 24])
(25413, [11, 24])
(25414, [0, 2, 8, 13, 14, 16, 20, 21, 22, 23, 24])
(25415, [0, 1, 2, 3, 4, 5, 6, 7, 8, 9, 10, 11, 12, 13, 14, 15, 16, 17, 18, 19, 20, 21, 22, 23, 24])
(25416, [1, 2, 3, 4, 6, 7, 8, 9, 10, 14, 15, 16, 21, 22, 23, 24])
(25417, [24])
(25418, [0, 2, 3, 4, 7, 9, 12, 13, 14, 15, 17, 18, 21, 22, 23, 24])
(25419, [0, 7, 9, 10, 12, 13, 14, 15, 18, 20, 21, 22, 24])
(25420, [0, 7, 11, 14, 16, 17, 19, 20, 24])
(25421, [0, 1, 2, 4, 5, 8, 20, 24])
(25422, [1, 18, 24])
(25423, [2, 3, 4, 6, 8, 10, 11, 12, 13, 16, 17, 18, 19, 20, 22, 24])
(25424, [0, 5, 22, 24])
(25425, [24])
(25426, [4, 5, 7, 10, 11, 13, 14, 15, 16, 17, 23, 24])
(25427, [0, 1, 2, 3, 5, 6, 7, 8, 9, 10, 11, 12, 13, 14, 15, 16, 17, 18, 19, 20, 21, 22, 23, 24])
(25428, [0, 1, 2, 3, 4, 7, 8, 9, 11, 14, 17, 18, 20, 22, 23, 24])
(25429, [24])
(25430, [0, 2, 7, 8, 9, 10, 11, 12, 13, 14, 16, 17, 18, 19, 20, 21, 22, 23, 24])
(25431, [0, 1, 2, 3, 4, 6, 8, 10, 11, 12, 13, 14, 15, 16, 17, 18, 19, 20, 22, 24])
(25432, [0, 7, 24])
(25433, [8, 16, 20, 24])
(25434, [2, 4, 15, 17, 22, 23, 24])
(25435, [0, 2, 24])
(25436, [7, 24])
(25437, [0, 2, 7, 8, 10, 13, 15, 17, 22, 24])
(25438, [0, 1, 3, 4, 5, 7, 8, 10, 11, 12, 13, 14, 15, 19, 20, 22, 24])
(25439, [0, 13, 15, 19, 24])
(25440, [0, 3, 5, 6, 7, 8, 9, 10, 12, 14, 16, 17, 20, 21, 22, 24])
(25441, [0, 1, 2, 3, 4, 5, 6, 7, 8, 9, 10, 11, 13, 14, 15, 16, 17, 18, 19, 20, 21, 22, 23, 24])
(25442, [0, 1, 3, 4, 5, 6, 8, 10, 12, 13, 14, 15, 16, 17, 18, 21, 22, 23, 24])
(25443, [0, 1, 7, 8, 10, 11, 14, 15, 17, 18, 19, 20, 21, 22, 23, 24])
(25444, [3, 4, 10, 11, 17, 18, 20, 24])
(25445, [0, 1, 2, 3, 5, 7, 8, 9, 10, 11, 12, 13, 14, 15, 16, 17, 18, 19, 21, 22, 24])
(25446, [24])
(25447, [0, 2, 3, 5, 8, 9, 10, 11, 13, 14, 15, 16, 17, 18, 20, 21, 22, 23, 24])
(25448, [0, 1, 2, 3, 4, 5, 6, 7, 8, 9, 10, 11, 12, 13, 14, 15, 16, 17, 18, 19, 20, 21, 22, 23, 24])
(25449, [0, 1, 19, 24])
(25450, [0, 2, 5, 6, 9, 11, 12, 16, 17, 19, 21, 24])
(25451, [0, 13, 17, 18, 24])
(25452, [0, 2, 4, 5, 7, 8, 9, 10, 12, 13, 14, 15, 16, 17, 18, 19, 21, 22, 23, 24])
(25453, [24])
(25454, [0, 5, 6, 8, 10, 11, 12, 14, 15, 17, 18, 19, 21, 22, 24])
(25455, [1, 4, 5, 8, 11, 18, 20, 24])
(25456, [0, 1, 2, 3, 4, 5, 6, 7, 8, 9, 10, 11, 12, 13, 14, 15, 16, 17, 18, 19, 20, 21, 22, 23, 24])
(25457, [0, 1, 3, 5, 7, 8, 10, 11, 12, 13, 14, 15, 16, 17, 18, 19, 21, 22, 23, 24])
(25458, [0, 2, 3, 4, 5, 6, 7, 8, 10, 13, 14, 15, 16, 17, 18, 21, 22, 23, 24])
(25459, [2, 8, 9, 10, 11, 12, 15, 16, 17, 22, 24])
(25460, [24])
(25461, [4, 22, 24])
(25462, [0, 2, 4, 5, 7, 9, 11, 12, 14, 15, 17, 18, 22, 23, 24])
(25463, [2, 8, 9, 17, 22, 23, 24])
(25464, [1, 2, 4, 5, 6, 7, 8, 10, 13, 14, 15, 16, 17, 18, 19, 20, 21, 22, 23, 24])
(25465, [24])
(25466, [1, 2, 3, 5, 10, 11, 12, 13, 15, 17, 18, 19, 20, 21, 22, 23, 24])
(25467, [5, 8, 9, 24])
(25468, [2, 6, 15, 22, 24])
(25469, [8, 14, 24])
(25470, [0, 2, 4, 5, 6, 7, 8, 10, 11, 13, 17, 18, 21, 24])
(25471, [2, 3, 4, 5, 8, 10, 13, 15, 17, 20, 22, 23, 24])
(25472, [7, 24])
(25473, [5, 24])
(25474, [0, 1, 2, 3, 5, 7, 8, 9, 10, 11, 12, 13, 14, 15, 16, 17, 19, 21, 22, 23, 24])
(25475, [1, 2, 3, 5, 8, 9, 10, 12, 13, 14, 15, 16, 17, 18, 20, 21, 22, 23, 24])
(25476, [0, 2, 7, 8, 9, 10, 11, 14, 15, 17, 18, 22, 24])
(25477, [0, 10, 17, 24])
(25478, [0, 3, 9, 11, 13, 15, 24])
(25479, [0, 4, 5, 9, 14, 16, 18, 24])
(25480, [24])
(25481, [2, 8, 13, 14, 16, 17, 22, 23, 24])
(25482, [19, 21, 24])
(25483, [11, 24])
(25484, [24])
(25485, [21, 22, 24])
(25486, [1, 2, 5, 7, 10, 13, 16, 17, 19, 21, 24])
(25487, [7, 9, 24])
(25488, [9, 15, 24])
(25489, [0, 1, 3, 9, 10, 13, 15, 16, 17, 18, 19, 22, 23, 24])
(25490, [2, 14, 17, 21, 24])
(25491, [24])
(25492, [0, 2, 6, 7, 16, 24])
(25493, [0, 2, 3, 4, 6, 8, 9, 10, 12, 14, 15, 16, 17, 18, 19, 21, 22, 24])
(25494, [24])
(25495, [14, 24])
(25496, [0, 3, 6, 12, 13, 22, 24])
(25497, [0, 2, 3, 15, 20, 22, 24])
(25498, [4, 5, 7, 8, 12, 13, 14, 15, 17, 19, 20, 21, 24])
(25499, [0, 1, 2, 3, 4, 5, 7, 8, 9, 10, 12, 13, 14, 15, 16, 17, 18, 19, 20, 21, 22, 23, 24])
(25500, [1, 6, 8, 10, 11, 17, 24])
(25501, [24])
(25502, [2, 3, 4, 8, 11, 13, 14, 16, 17, 18, 20, 21, 22, 24])
(25503, [0, 1, 5, 8, 12, 16, 17, 18, 19, 22, 23, 24])
(25504, [0, 2, 3, 4, 5, 6, 7, 8, 10, 13, 14, 16, 17, 23, 24])
(25505, [18, 22, 23, 24])
(25506, [10, 12, 15, 24])
(25507, [0, 1, 2, 3, 4, 5, 6, 7, 8, 9, 10, 11, 12, 13, 14, 15, 16, 17, 18, 19, 20, 21, 22, 23, 24])
(25508, [2, 8, 19, 21, 22, 24])
(25509, [20, 24])
(25510, [24])
(25511, [24])
(25512, [3, 4, 13, 14, 16, 20, 22, 24])
(25513, [0, 1, 2, 3, 4, 5, 7, 8, 9, 10, 11, 12, 13, 14, 15, 16, 17, 18, 19, 20, 21, 22, 23, 24])
(25514, [2, 14, 24])
(25515, [0, 2, 8, 10, 12, 15, 24])
(25516, [0, 2, 7, 8, 9, 10, 11, 13, 14, 16, 17, 18, 20, 22, 24])
(25517, [0, 2, 7, 8, 9, 10, 13, 14, 15, 16, 17, 18, 19, 20, 21, 22, 23, 24])
(25518, [0, 3, 8, 13, 24])
(25519, [12, 24])
(25520, [0, 1, 2, 3, 8, 12, 13, 15, 17, 18, 19, 20, 22, 24])
(25521, [17, 24])
(25522, [0, 1, 3, 4, 6, 7, 8, 9, 10, 11, 13, 14, 15, 16, 17, 18, 20, 21, 22, 23, 24])
(25523, [15, 19, 22, 24])
(25524, [24])
(25525, [24])
(25526, [10, 24])
(25527, [10, 24])
(25528, [0, 3, 4, 6, 7, 8, 9, 12, 13, 15, 16, 17, 19, 23, 24])
(25529, [2, 7, 8, 11, 13, 14, 15, 17, 22, 23, 24])
(25530, [0, 2, 9, 14, 15, 18, 24])
(25531, [0, 7, 18, 19, 21, 24])
(25532, [1, 20, 24])
(25533, [0, 1, 2, 7, 11, 16, 21, 24])
(25534, [0, 3, 5, 7, 8, 24])
(25535, [3, 4, 12, 16, 17, 22, 23, 24])
(25536, [0, 1, 2, 3, 4, 5, 6, 7, 8, 9, 10, 11, 12, 13, 14, 15, 16, 17, 18, 19, 20, 21, 22, 23, 24])
(25537, [21, 24])
(25538, [0, 1, 2, 3, 4, 5, 6, 7, 8, 9, 10, 11, 12, 13, 14, 15, 16, 17, 18, 19, 21, 23, 24])
(25539, [0, 1, 2, 3, 4, 5, 6, 7, 8, 10, 11, 12, 13, 14, 15, 18, 19, 20, 22, 24])
(25540, [0, 1, 2, 3, 7, 8, 10, 11, 12, 13, 14, 15, 16, 17, 18, 20, 21, 22, 24])
(25541, [3, 7, 11, 24])
(25542, [1, 13, 14, 15, 20, 23, 24])
(25543, [5, 9, 10, 24])
(25544, [0, 2, 6, 7, 8, 9, 10, 11, 13, 14, 15, 16, 17, 19, 20, 21, 22, 23, 24])
(25545, [0, 2, 3, 4, 5, 6, 7, 8, 9, 10, 11, 13, 14, 15, 16, 17, 18, 19, 20, 21, 22, 23, 24])
(25546, [5, 10, 11, 17, 19, 20, 21, 24])
(25547, [4, 8, 11, 13, 15, 16, 17, 22, 24])
(25548, [2, 22, 24])
(25549, [2, 8, 9, 11, 14, 17, 22, 23, 24])
(25550, [8, 9, 12, 13, 15, 17, 24])
(25551, [0, 1, 2, 3, 4, 5, 6, 8, 10, 11, 12, 13, 15, 17, 19, 20, 21, 22, 23, 24])
(25552, [0, 3, 4, 10, 12, 13, 14, 17, 20, 23, 24])
(25553, [10, 24])
