(11605, [11, 12])
(11612, [12])
(11614, [12])
(11619, [12])
(11620, [12])
(11625, [12])
(11628, [12])
(11630, [1, 12])
(11632, [12])
(11635, [12])
(11637, [12])
(11638, [12])
(11639, [12])
(11646, [12])
(11649, [12])
(11657, [1, 12])
(11663, [12])
(11664, [12])
(11672, [12])
(11673, [12])
(11677, [12])
(11679, [12])
(11681, [4, 8, 10, 12])
(11683, [12])
(11690, [12])
(11691, [12])
(11701, [12])
(11706, [2, 12])
(11708, [5, 7, 12])
(11711, [12])
(11713, [12])
(11716, [12])
(11720, [12])
(11721, [12])
(11726, [12])
(11731, [12])
(11744, [12])
(11750, [7, 11, 12])
(11757, [12])
(11761, [12])
(11762, [4, 12])
(11766, [9, 12])
(11768, [7, 12])
(11771, [12])
(11777, [3, 12])
(11779, [12])
(11782, [12])
(11784, [12])
(11786, [12])
(11787, [12])
(11792, [12])
(11798, [12])
(11814, [0, 12])
(11816, [12])
(11818, [0, 12])
(11819, [12])
(11825, [12])
(11828, [2, 12])
(11831, [12])
(11835, [5, 12])
(11839, [2, 12])
(11844, [12])
(11847, [12])
(11851, [12])
(11853, [3, 12])
(11859, [12])
(11860, [12])
(11861, [12])
(11862, [12])
(11865, [3, 10, 12])
(11866, [12])
(11872, [12])
(11873, [5, 12])
(11877, [12])
(11878, [12])
(11879, [12])
(11881, [1, 6, 12])
(11885, [12])
(11888, [7, 12])
(11890, [8, 12])
(11897, [12])
(11898, [12])
(11902, [7, 12])
(11904, [12])
(11912, [1, 12])
(11915, [12])
(11923, [12])
(11927, [2, 7, 12])
(11928, [12])
(11930, [12])
(11931, [12])
(11936, [12])
(11937, [12])
(11938, [0, 5, 10, 12])
(11940, [3, 12])
(11944, [12])
(11946, [12])
(11949, [12])
(11953, [12])
(11957, [12])
(11959, [12])
(11960, [12])
(11966, [0, 12])
(11968, [12])
(11972, [12])
(11973, [0, 1, 2, 8, 12])
(11976, [12])
(11978, [3, 7, 8, 12])
(11979, [12])
(11980, [12])
(11981, [7, 12])
(11982, [12])
(11987, [12])
(11988, [12])
(11993, [12])
(11994, [12])
(12000, [12])
(12003, [10, 12])
(12016, [7, 12])
(12017, [12])
(12020, [12])
(12024, [12])
(12027, [12])
(12029, [12])
(12036, [12])
(12046, [12])
(12047, [0, 1, 12])
(12057, [0, 12])
(12066, [5, 12])
(12068, [0, 12])
(12069, [12])
(12071, [12])
(12078, [12])
(12083, [12])
(12084, [10, 12])
(12087, [12])
(12088, [2, 12])
(12094, [12])
(12100, [12])
(12106, [12])
(12111, [1, 5, 6, 7, 12])
(12112, [12])
(12113, [2, 10, 11, 12])
(12114, [12])
(12126, [12])
(12127, [0, 5, 12])
(12128, [5, 8, 12])
(12134, [12])
(12135, [12])
(12138, [0, 12])
(12141, [12])
(12142, [12])
(12145, [12])
(12161, [12])
(12162, [0, 12])
(12163, [12])
(12166, [6, 8, 11, 12])
(12178, [12])
(12182, [3, 12])
(12184, [12])
(12186, [12])
(12187, [12])
(12195, [3, 7, 12])
(12198, [12])
(12202, [12])
(12206, [12])
(12209, [12])
(12214, [0, 1, 5, 11, 12])
(12229, [0, 12])
(12230, [12])
(12231, [12])
(12238, [12])
(12242, [12])
(12249, [3, 12])
(12251, [12])
(12260, [10, 12])
(12267, [0, 6, 7, 12])
(12268, [12])
(12269, [12])
(12271, [12])
(12278, [12])
(12279, [12])
(12281, [12])
(12284, [11, 13])
(12287, [13])
(12300, [13])
(12312, [4, 13])
(12315, [0, 13])
(12318, [13])
(12319, [3, 12, 13])
(12325, [13])
(12339, [13])
(12340, [13])
(12341, [13])
(12348, [3, 13])
(12360, [13])
(12362, [13])
(12369, [12, 13])
(12376, [13])
(12380, [13])
(12388, [11, 13])
(12390, [3, 9, 10, 13])
(12391, [11, 13])
(12394, [4, 9, 13])
(12396, [13])
(12405, [9, 13])
(12410, [13])
(12412, [13])
(12414, [13])
(12416, [13])
(12418, [8, 13])
(12419, [13])
(12428, [13])
(12429, [11, 13])
(12430, [0, 6, 9, 10, 13])
(12434, [13])
(12441, [9, 10, 13])
(12446, [13])
(12451, [13])
(12467, [13])
(12469, [8, 9, 13])
(12475, [13])
(12476, [13])
(12477, [4, 13])
(12484, [3, 10, 13])
(12497, [13])
(12500, [7, 11, 13])
(12506, [13])
(12510, [13])
(12511, [13])
(12514, [13])
(12518, [13])
(12521, [13])
(12531, [13])
(12536, [13])
(12546, [13])
(12547, [0, 12, 13])
(12554, [13])
(12558, [13])
(12563, [11, 13])
(12565, [13])
(12570, [13])
(12577, [0, 13])
(12582, [13])
(12585, [13])
(12586, [3, 13])
(12589, [13])
(12590, [13])
(12600, [13])
(12602, [13])
(12609, [13])
(12612, [13])
(12626, [13])
(12634, [13])
(12639, [2, 8, 9, 10, 11, 13])
(12640, [13])
(12646, [13])
(12651, [13])
(12656, [13])
(12662, [8, 13])
(12671, [0, 3, 13])
(12677, [13])
(12684, [6, 11, 13])
(12685, [7, 12, 13])
(12688, [10, 11, 13])
(12689, [13])
(12696, [8, 13])
(12697, [11, 13])
(12698, [13])
(12701, [13])
(12702, [0, 6, 8, 13])
(12706, [13])
(12731, [13])
(12737, [13])
(12738, [0, 11, 13])
(12740, [13])
(12742, [13])
(12743, [5, 11, 13])
(12746, [13])
(12749, [13])
(12752, [0, 10, 11, 13])
(12755, [13])
(12757, [13])
(12760, [0, 4, 8, 13])
(12761, [13])
(12769, [7, 13])
(12778, [0, 2, 9, 13])
(12798, [7, 13])
(12800, [13])
(12809, [9, 13])
(12815, [13])
(12817, [13])
(12823, [13])
(12829, [7, 13])
(12832, [13])
(12836, [13])
(12837, [3, 8, 13])
(12840, [13])
(12841, [13])
(12850, [13])
(12853, [13])
(12856, [13])
(12859, [13])
(12860, [11, 13])
(12866, [13])
(12872, [13])
(12875, [13])
(12878, [13])
(12881, [13])
(12885, [1, 13])
(12894, [10, 13])
(12896, [3, 13])
(12898, [13])
(12899, [13])
(12900, [8, 9, 13])
(12908, [13])
(12935, [13])
(12940, [13])
(12943, [13])
(12944, [13])
(12949, [13])
(12962, [13])
(12969, [13])
(12972, [8, 13])
(12974, [2, 9, 13])
(12985, [13])
(12987, [13])
(12993, [13])
(12994, [2, 13])
(12995, [1, 9, 13])
(12997, [13])
(13001, [8, 13])
(13003, [2, 13])
(13004, [6, 9, 10, 13])
(13005, [13])
(13006, [13])
(13012, [7, 8, 13])
(13016, [13])
(13022, [8, 13])
(13024, [2, 13])
(13026, [13])
(13029, [13])
(13031, [13])
(13032, [13])
(13034, [13])
(13035, [13])
(13036, [13])
(13044, [3, 8, 10, 13])
(13054, [0, 11, 13])
(13060, [13])
(13065, [3, 13])
(13068, [2, 4, 8, 10, 13])
(13070, [10, 13])
(13072, [13])
(13079, [5, 13])
(13080, [2, 9, 13])
(13082, [13])
(13087, [9, 13])
(13089, [13])
(13098, [13])
(13099, [2, 3, 4, 13])
(13100, [9, 12, 13])
(13104, [13])
(13106, [13])
(13108, [0, 5, 7, 8, 13])
(13110, [8, 13])
(13111, [3, 13])
(13122, [0, 3, 7, 8, 13])
(13127, [13])
(13135, [13])
(13141, [13])
(13149, [13])
(13150, [1, 7, 12, 13])
(13153, [3, 8, 13])
(13158, [13])
(13160, [13])
(13176, [13])
(13177, [12, 13])
(13182, [6, 13])
(13184, [13])
(13186, [9, 13])
(13199, [13])
(13201, [7, 11, 13])
(13208, [13])
(13213, [3, 4, 7, 9, 10, 11, 13])
(13228, [13])
(13243, [13])
(13246, [2, 13])
(13251, [8, 13])
(13253, [13])
(13260, [1, 8, 13])
(13267, [13])
(13273, [12, 13])
(13277, [2, 9, 11, 13])
(13278, [2, 3, 13])
(13280, [13])
(13284, [13])
(13285, [13])
(13289, [13])
(13290, [13])
(13296, [13])
(13298, [13])
(13301, [13])
(13304, [13])
(13318, [13])
(13325, [13])
(13326, [10, 13])
(13328, [0, 13])
(13338, [13])
(13340, [8, 9, 13])
(13346, [3, 13])
(13348, [13])
(13349, [13])
(13350, [0, 6, 13])
(13352, [13])
(13357, [3, 13])
(13359, [10, 13])
(13362, [12, 13])
(13363, [13])
(13365, [13])
(13370, [13])
(13377, [13])
(13382, [13])
(13384, [13])
(13388, [13])
(13394, [13])
(13403, [13])
(13418, [13])
(13423, [8, 10, 13])
(13427, [13])
(13432, [0, 2, 13])
(13436, [7, 11, 14])
(13478, [13, 14])
(13483, [14])
(13485, [14])
(13497, [14])
(13498, [7, 14])
(13501, [14])
(13505, [14])
(13509, [5, 14])
(13512, [14])
(13515, [10, 14])
(13524, [1, 8, 14])
(13529, [14])
(13542, [6, 13, 14])
(13548, [14])
(13558, [14])
(13563, [14])
(13564, [14])
(13566, [14])
(13570, [14])
(13571, [14])
(13580, [14])
(13586, [11, 14])
(13589, [11, 14])
(13594, [5, 6, 12, 14])
(13597, [14])
(13606, [14])
(13610, [14])
(13613, [11, 14])
(13616, [8, 14])
(13624, [14])
(13630, [14])
(13634, [1, 14])
(13635, [0, 2, 14])
(13646, [14])
(13651, [14])
(13654, [14])
(13662, [0, 1, 3, 14])
(13670, [14])
(13679, [0, 14])
(13681, [14])
(13683, [14])
(13685, [14])
(13691, [14])
(13692, [14])
(13700, [7, 14])
(13706, [14])
(13707, [14])
(13712, [14])
(13714, [13, 14])
(13719, [14])
(13720, [0, 2, 6, 14])
(13724, [14])
(13733, [5, 11, 14])
(13736, [14])
(13737, [0, 9, 14])
(13739, [8, 14])
(13741, [14])
(13747, [1, 14])
(13756, [14])
(13760, [14])
(13772, [14])
(13779, [14])
(13784, [14])
(13786, [13, 14])
(13788, [14])
(13792, [6, 14])
(13793, [14])
(13795, [0, 12, 14])
(13800, [14])
(13812, [14])
(13814, [0, 14])
(13820, [14])
(13826, [14])
(13828, [14])
(13829, [14])
(13831, [14])
(13832, [14])
(13835, [0, 8, 11, 14])
(13837, [6, 11, 14])
(13842, [14])
(13851, [14])
(13853, [14])
(13855, [14])
(13858, [0, 14])
(13870, [7, 14])
(13871, [14])
(13874, [14])
(13875, [5, 14])
(13888, [14])
(13891, [10, 14])
(13895, [7, 14])
(13903, [14])
(13912, [14])
(13919, [14])
(13922, [14])
(13935, [14])
(13936, [14])
(13942, [14])
(13946, [0, 3, 8, 14])
(13964, [8, 14])
(13970, [0, 7, 14])
(13980, [14])
(13981, [8, 14])
(13984, [8, 9, 13, 14])
(13988, [14])
(13997, [14])
(14007, [14])
(14008, [14])
(14011, [7, 13, 14])
(14012, [6, 13, 14])
(14019, [14])
(14023, [13, 14])
(14054, [14])
(14056, [14])
(14062, [6, 13, 14])
(14066, [14])
(14069, [12, 14])
(14073, [14])
(14086, [7, 14])
(14099, [14])
(14104, [14])
(14107, [13, 14])
(14116, [14])
(14123, [14])
(14126, [14])
(14136, [13, 14])
(14137, [14])
(14139, [14])
(14159, [13, 14])
(14170, [14])
(14177, [0, 1, 3, 13, 14])
(14180, [14])
(14182, [0, 9, 14])
(14184, [14])
(14187, [5, 7, 8, 13, 14])
(14189, [6, 14])
(14190, [13, 14])
(14197, [0, 14])
(14204, [14])
(14207, [14])
(14213, [14])
(14218, [14])
(14222, [0, 5, 8, 14])
(14233, [7, 14])
(14237, [14])
(14238, [14])
(14245, [13, 14])
(14247, [0, 7, 14])
(14256, [14])
(14259, [13, 14])
(14266, [2, 14])
(14267, [14])
(14268, [14])
(14271, [14])
(14276, [8, 11, 14])
(14278, [14])
(14282, [14])
(14283, [14])
(14284, [14])
(14286, [14])
(14288, [0, 5, 7, 10, 13, 14])
(14292, [0, 10, 11, 13, 14])
(14299, [6, 7, 14])
(14301, [8, 14])
(14326, [14])
(14329, [13, 14])
(14332, [0, 14])
(14339, [14])
(14349, [14])
(14354, [0, 14])
(14355, [14])
(14359, [14])
(14365, [14])
(14366, [1, 14])
(14380, [14])
(14385, [8, 14])
(14389, [14])
(14397, [0, 14])
(14398, [14])
(14399, [14])
(14401, [14])
(14403, [14])
(14406, [6, 14])
(14409, [4, 14])
(14410, [0, 3, 8, 13, 14])
(14419, [14])
(14422, [12, 14])
(14424, [14])
(14438, [14])
(14440, [14])
(14442, [5, 14])
(14450, [14])
(14451, [10, 14])
(14453, [14])
(14457, [4, 8, 14])
(14460, [14])
(14486, [9, 14])
(14487, [6, 12, 14])
(14493, [13, 14])
(14506, [14])
(14522, [14])
(14524, [0, 14])
(14525, [14])
(14529, [12, 14])
(14534, [14])
(14537, [7, 14])
(14538, [0, 14])
(14539, [14])
(14546, [14])
(14559, [11, 14])
(14561, [14])
(14565, [14])
(14570, [0, 10, 11, 13, 14])
(14575, [14])
(14582, [2, 14])
(14584, [3, 4, 7, 10, 13, 14])
(14587, [0, 3, 14])
(14596, [15])
(14597, [0, 3, 10, 12, 14, 15])
(14598, [2, 13, 15])
(14600, [0, 15])
(14612, [15])
(14614, [1, 6, 15])
(14615, [15])
(14622, [15])
(14624, [15])
(14627, [6, 13, 15])
(14634, [15])
(14635, [15])
(14636, [15])
(14637, [15])
(14642, [0, 15])
(14644, [5, 7, 15])
(14651, [11, 15])
(14654, [1, 4, 12, 15])
(14659, [9, 13, 15])
(14665, [15])
(14667, [15])
(14670, [0, 12, 15])
(14673, [10, 15])
(14678, [3, 5, 15])
(14684, [14, 15])
(14695, [8, 13, 14, 15])
(14701, [13, 15])
(14702, [10, 12, 13, 15])
(14704, [0, 13, 15])
(14706, [15])
(14707, [10, 15])
(14708, [15])
(14712, [6, 15])
(14715, [15])
(14716, [15])
(14720, [0, 10, 15])
(14722, [15])
(14725, [1, 3, 11, 15])
(14729, [15])
(14730, [15])
(14731, [3, 15])
(14745, [2, 9, 15])
(14751, [15])
(14752, [15])
(14759, [15])
(14764, [8, 15])
(14767, [15])
(14774, [7, 15])
(14778, [15])
(14779, [15])
(14780, [3, 4, 15])
(14783, [15])
(14792, [14, 15])
(14794, [15])
(14800, [1, 12, 15])
(14801, [15])
(14807, [15])
(14814, [15])
(14822, [8, 12, 15])
(14827, [15])
(14830, [0, 3, 15])
(14836, [9, 15])
(14839, [1, 15])
(14848, [15])
(14855, [15])
(14858, [15])
(14860, [15])
(14863, [14, 15])
(14869, [15])
(14870, [15])
(14876, [15])
(14878, [10, 15])
(14881, [5, 15])
(14882, [15])
(14883, [0, 8, 10, 14, 15])
(14886, [1, 9, 10, 14, 15])
(14889, [15])
(14894, [2, 3, 9, 11, 12, 14, 15])
(14899, [10, 14, 15])
(14902, [6, 8, 14, 15])
(14903, [15])
(14908, [15])
(14910, [13, 14, 15])
(14916, [15])
(14922, [15])
(14924, [15])
(14926, [15])
(14930, [15])
(14932, [15])
(14933, [3, 5, 15])
(14943, [4, 8, 15])
(14946, [0, 1, 13, 14, 15])
(14951, [8, 15])
(14955, [0, 6, 10, 11, 15])
(14957, [15])
(14959, [15])
(14962, [15])
(14968, [15])
(14975, [11, 13, 15])
(14985, [15])
(14987, [15])
(14989, [1, 6, 15])
(14992, [15])
(14993, [15])
(14994, [15])
(15001, [0, 3, 12, 15])
(15008, [6, 15])
(15017, [15])
(15018, [7, 15])
(15022, [0, 15])
(15028, [15])
(15032, [15])
(15038, [15])
(15040, [15])
(15042, [1, 15])
(15043, [15])
(15047, [15])
(15048, [15])
(15061, [10, 14, 15])
(15065, [0, 11, 15])
(15071, [15])
(15081, [15])
(15086, [15])
(15095, [6, 15])
(15096, [0, 11, 15])
(15098, [15])
(15117, [15])
(15119, [15])
(15133, [7, 15])
(15134, [15])
(15140, [11, 15])
(15142, [15])
(15147, [8, 15])
(15151, [14, 15])
(15155, [15])
(15164, [3, 4, 5, 15])
(15169, [0, 4, 8, 15])
(15186, [15])
(15190, [15])
(15195, [15])
(15196, [15])
(15200, [13, 15])
(15210, [0, 15])
(15216, [15])
(15222, [15])
(15228, [10, 14, 15])
(15238, [15])
(15239, [15])
(15242, [15])
(15248, [15])
(15249, [8, 14, 15])
(15257, [15])
(15259, [0, 15])
(15269, [15])
(15282, [15])
(15286, [15])
(15289, [15])
(15292, [15])
(15294, [10, 15])
(15302, [0, 1, 13, 14, 15])
(15303, [11, 15])
(15305, [15])
(15308, [0, 1, 12, 15])
(15311, [15])
(15312, [15])
(15318, [0, 2, 15])
(15329, [0, 15])
(15335, [15])
(15342, [5, 12, 15])
(15346, [15])
(15347, [0, 15])
(15351, [15])
(15352, [0, 15])
(15354, [15])
(15361, [15])
(15362, [4, 15])
(15373, [15])
(15376, [15])
(15380, [15])
(15382, [10, 15])
(15383, [15])
(15392, [15])
(15405, [15])
(15406, [15])
(15410, [0, 15])
(15417, [15])
(15422, [15])
(15432, [15])
(15436, [10, 14, 15])
(15442, [0, 1, 15])
(15443, [1, 11, 15])
(15459, [15])
(15462, [15])
(15464, [7, 15])
(15465, [15])
(15469, [15])
(15470, [15])
(15471, [1, 15])
(15473, [6, 15])
(15476, [15])
(15479, [15])
(15480, [12, 13, 15])
(15489, [0, 7, 10, 11, 15])
(15499, [15])
(15503, [15])
(15506, [15])
(15511, [11, 15])
(15518, [15])
(15523, [8, 15])
(15524, [0, 15])
(15527, [12, 15])
(15528, [15])
(15531, [2, 8, 9, 10, 13, 14, 15])
(15537, [15])
(15539, [15])
(15544, [15])
(15545, [2, 15])
(15546, [13, 15])
(15557, [0, 15])
(15559, [14, 15])
(15568, [13, 15])
(15576, [15])
(15585, [15])
(15592, [15])
(15594, [0, 15])
(15597, [15])
(15609, [15])
(15611, [15])
(15617, [15])
(15618, [0, 4, 5, 7, 10, 12, 15])
(15624, [15])
(15629, [15])
(15633, [15])
(15636, [15])
(15639, [8, 10, 13, 15])
(15640, [4, 15])
(15646, [15])
(15652, [15])
(15653, [0, 8, 15])
(15656, [15])
(15657, [0, 10, 15])
(15661, [15])
(15667, [15])
(15669, [15])
(15673, [7, 15])
(15675, [15])
(15676, [15])
(15681, [15])
(15683, [15])
(15695, [15])
(15702, [8, 15])
(15704, [15])
(15707, [11, 15])
(15708, [15])
(15710, [2, 15])
(15714, [0, 12, 15])
(15720, [16])
(15721, [1, 16])
(15727, [16])
(15734, [0, 16])
(15744, [2, 12, 16])
(15747, [16])
(15748, [15, 16])
(15750, [16])
(15760, [8, 16])
(15762, [16])
(15769, [16])
(15778, [16])
(15779, [4, 15, 16])
(15781, [16])
(15796, [16])
(15804, [16])
(15810, [0, 16])
(15814, [2, 16])
(15831, [16])
(15838, [14, 16])
(15852, [16])
(15856, [16])
(15869, [6, 11, 16])
(15876, [16])
(15880, [16])
(15881, [16])
(15888, [16])
(15889, [16])
(15891, [16])
(15892, [14, 16])
(15896, [5, 16])
(15900, [0, 9, 10, 16])
(15906, [3, 14, 16])
(15907, [14, 16])
(15909, [8, 16])
(15913, [2, 16])
(15919, [13, 16])
(15921, [16])
(15928, [16])
(15932, [16])
(15939, [9, 16])
(15940, [2, 3, 4, 16])
(15941, [3, 5, 10, 15, 16])
(15952, [2, 3, 8, 9, 11, 16])
(15967, [12, 16])
(15978, [16])
(15983, [0, 11, 13, 14, 16])
(15986, [16])
(15988, [3, 16])
(15990, [8, 16])
(15998, [16])
(16004, [0, 11, 16])
(16017, [16])
(16020, [13, 14, 15, 16])
(16028, [10, 16])
(16033, [16])
(16038, [16])
(16046, [16])
(16056, [16])
(16065, [13, 16])
(16067, [16])
(16070, [16])
(16074, [16])
(16075, [16])
(16076, [3, 5, 7, 16])
(16077, [14, 16])
(16080, [8, 16])
(16082, [2, 16])
(16090, [4, 16])
(16101, [0, 11, 13, 16])
(16107, [16])
(16114, [16])
(16117, [12, 16])
(16119, [6, 14, 16])
(16123, [5, 12, 15, 16])
(16124, [16])
(16127, [16])
(16130, [16])
(16139, [16])
(16143, [13, 16])
(16148, [16])
(16154, [16])
(16159, [16])
(16171, [2, 13, 16])
(16175, [16])
(16177, [11, 13, 16])
(16182, [0, 8, 11, 14, 16])
(16183, [16])
(16188, [2, 11, 16])
(16201, [8, 16])
(16204, [10, 16])
(16216, [2, 16])
(16218, [5, 16])
(16220, [5, 8, 16])
(16223, [16])
(16224, [13, 16])
(16226, [14, 16])
(16236, [16])
(16240, [13, 16])
(16243, [16])
(16245, [16])
(16249, [16])
(16250, [13, 16])
(16266, [16])
(16267, [16])
(16270, [2, 16])
(16273, [16])
(16279, [16])
(16281, [8, 13, 16])
(16290, [5, 16])
(16292, [16])
(16293, [0, 16])
(16297, [2, 4, 13, 16])
(16300, [3, 16])
(16306, [2, 9, 13, 16])
(16308, [5, 16])
(16309, [16])
(16316, [16])
(16319, [16])
(16320, [3, 4, 8, 16])
(16322, [16])
(16328, [16])
(16337, [14, 16])
(16339, [2, 3, 15, 16])
(16342, [16])
(16343, [10, 16])
(16351, [16])
(16358, [2, 9, 10, 16])
(16362, [16])
(16364, [13, 16])
(16365, [1, 16])
(16373, [16])
(16382, [2, 8, 16])
(16388, [11, 16])
(16393, [0, 1, 3, 4, 11, 12, 14, 16])
(16394, [14, 16])
(16413, [16])
(16416, [16])
(16419, [16])
(16422, [16])
(16435, [16])
(16440, [4, 5, 6, 7, 10, 14, 16])
(16445, [0, 16])
(16454, [16])
(16462, [16])
(16463, [8, 13, 16])
(16466, [16])
(16468, [8, 10, 13, 14, 15, 16])
(16470, [16])
(16486, [0, 5, 8, 9, 10, 14, 16])
(16489, [16])
(16494, [0, 16])
(16497, [12, 16])
(16503, [16])
(16504, [8, 13, 16])
(16510, [16])
(16512, [8, 16])
(16530, [16])
(16537, [16])
(16541, [11, 16])
(16544, [16])
(16545, [12, 16])
(16551, [16])
(16560, [16])
(16569, [8, 16])
(16570, [16])
(16573, [16])
(16574, [16])
(16575, [2, 7, 8, 9, 10, 13, 15, 16])
(16576, [16])
(16580, [1, 3, 7, 8, 11, 16])
(16581, [16])
(16585, [16])
(16586, [12, 13, 16])
(16592, [10, 16])
(16593, [16])
(16595, [16])
(16600, [13, 16])
(16602, [16])
(16608, [10, 14, 16])
(16611, [14, 16])
(16627, [7, 12, 14, 16])
(16629, [16])
(16630, [8, 12, 13, 14, 15, 16])
(16632, [13, 16])
(16635, [16])
(16636, [2, 16])
(16639, [16])
(16641, [11, 16])
(16642, [16])
(16643, [2, 4, 5, 7, 8, 10, 15, 16])
(16645, [0, 17])
(16648, [17])
(16650, [17])
(16652, [17])
(16654, [17])
(16659, [17])
(16663, [17])
(16667, [4, 17])
(16668, [17])
(16669, [5, 17])
(16671, [17])
(16673, [17])
(16674, [16, 17])
(16676, [17])
(16680, [0, 8, 9, 13, 15, 17])
(16681, [13, 15, 17])
(16684, [17])
(16685, [2, 13, 16, 17])
(16686, [0, 4, 9, 11, 12, 15, 16, 17])
(16691, [3, 17])
(16692, [17])
(16693, [0, 17])
(16695, [17])
(16697, [5, 17])
(16698, [2, 17])
(16700, [17])
(16701, [17])
(16704, [17])
(16707, [0, 17])
(16709, [2, 3, 4, 7, 8, 9, 13, 16, 17])
(16710, [6, 17])
(16714, [7, 13, 14, 17])
(16717, [15, 17])
(16720, [0, 3, 17])
(16721, [17])
(16723, [0, 17])
(16725, [17])
(16726, [14, 17])
(16727, [17])
(16728, [17])
(16731, [17])
(16735, [17])
(16741, [17])
(16743, [17])
(16748, [7, 17])
(16749, [13, 17])
(16757, [5, 17])
(16759, [11, 17])
(16760, [17])
(16765, [0, 10, 13, 17])
(16767, [0, 2, 7, 14, 16, 17])
(16769, [7, 12, 17])
(16770, [17])
(16773, [17])
(16774, [17])
(16775, [17])
(16777, [17])
(16779, [1, 7, 17])
(16785, [0, 6, 7, 8, 14, 17])
(16787, [7, 14, 17])
(16788, [0, 1, 2, 3, 7, 8, 11, 14, 16, 17])
(16796, [2, 8, 17])
(16797, [17])
(16799, [3, 17])
(16800, [17])
(16801, [0, 17])
(16802, [17])
(16803, [17])
(16806, [3, 7, 12, 13, 14, 16, 17])
(16811, [17])
(16812, [3, 10, 14, 17])
(16815, [0, 1, 5, 6, 13, 17])
(16816, [7, 17])
(16817, [10, 17])
(16819, [17])
(16820, [17])
(16822, [0, 1, 17])
(16823, [17])
(16828, [3, 4, 8, 10, 12, 13, 17])
(16834, [1, 5, 6, 17])
(16835, [7, 17])
(16837, [17])
(16839, [17])
(16840, [7, 17])
(16841, [0, 2, 5, 8, 9, 17])
(16842, [17])
(16843, [17])
(16852, [17])
(16853, [17])
(16858, [17])
(16860, [17])
(16861, [17])
(16873, [14, 17])
(16874, [9, 17])
(16875, [17])
(16876, [17])
(16877, [2, 6, 9, 10, 13, 17])
(16878, [17])
(16880, [0, 17])
(16881, [3, 17])
(16882, [1, 3, 6, 7, 13, 15, 17])
(16884, [17])
(16885, [0, 10, 17])
(16886, [17])
(16890, [17])
(16891, [3, 4, 17])
(16892, [0, 1, 17])
(16894, [17])
(16896, [10, 11, 13, 17])
(16898, [17])
(16900, [17])
(16901, [10, 17])
(16902, [13, 17])
(16903, [17])
(16904, [10, 17])
(16906, [1, 10, 17])
(16907, [17])
(16908, [7, 13, 14, 17])
(16911, [17])
(16915, [17])
(16917, [2, 9, 13, 15, 17])
(16918, [7, 8, 10, 14, 17])
(16919, [11, 12, 17])
(16921, [1, 2, 3, 4, 17])
(16923, [3, 17])
(16925, [3, 17])
(16927, [17])
(16930, [1, 5, 10, 17])
(16931, [2, 16, 17])
(16932, [17])
(16934, [3, 17])
(16938, [13, 17])
(16939, [3, 8, 12, 13, 17])
(16943, [17])
(16949, [0, 2, 17])
(16951, [4, 5, 6, 7, 8, 17])
(16953, [12, 17])
(16955, [4, 13, 17])
(16959, [17])
(16960, [17])
(16962, [9, 10, 11, 15, 17])
(16964, [17])
(16965, [1, 17])
(16967, [2, 8, 9, 11, 13, 15, 16, 17])
(16971, [17])
(16972, [17])
(16974, [3, 13, 14, 17])
(16975, [17])
(16976, [17])
(16977, [7, 8, 11, 14, 17])
(16978, [17])
(16982, [17])
(16986, [15, 17])
(16988, [2, 11, 13, 14, 15, 17])
(16990, [1, 3, 4, 9, 10, 11, 14, 15, 16, 17])
(16991, [17])
(16993, [17])
(16996, [12, 17])
(17000, [17])
(17002, [5, 9, 10, 11, 13, 14, 15, 17])
(17003, [17])
(17004, [17])
(17006, [5, 9, 15, 16, 17])
(17009, [17])
(17010, [17])
(17014, [17])
(17016, [0, 1, 10, 13, 17])
(17018, [17])
(17021, [17])
(17022, [0, 12, 17])
(17024, [0, 11, 17])
(17026, [17])
(17027, [9, 17])
(17031, [0, 1, 3, 9, 13, 14, 15, 17])
(17032, [17])
(17035, [13, 17])
(17037, [0, 7, 8, 13, 17])
(17038, [17])
(17039, [6, 17])
(17041, [17])
(17042, [17])
(17043, [0, 16, 17])
(17045, [3, 10, 17])
(17046, [17])
(17053, [17])
(17054, [14, 16, 17])
(17055, [7, 12, 17])
(17056, [17])
(17057, [0, 3, 17])
(17058, [3, 17])
(17059, [0, 8, 9, 10, 12, 13, 17])
(17060, [10, 17])
(17063, [17])
(17064, [0, 11, 17])
(17066, [11, 14, 15, 17])
(17068, [17])
(17077, [17])
(17078, [0, 17])
(17080, [10, 13, 17])
(17081, [0, 4, 5, 17])
(17083, [17])
(17084, [17])
(17086, [1, 7, 17])
(17089, [5, 14, 15, 17])
(17092, [5, 17])
(17093, [3, 17])
(17095, [16, 17])
(17096, [1, 6, 7, 10, 11, 14, 15, 17])
(17097, [16, 17])
(17098, [17])
(17099, [3, 6, 17])
(17101, [0, 17])
(17105, [15, 17])
(17110, [11, 16, 17])
(17111, [4, 17])
(17112, [17])
(17113, [9, 17])
(17116, [17])
(17117, [0, 1, 7, 12, 17])
(17123, [7, 11, 17])
(17129, [17])
(17132, [17])
(17133, [17])
(17135, [13, 17])
(17137, [17])
(17138, [17])
(17148, [17])
(17152, [17])
(17155, [7, 13, 17])
(17156, [17])
(17158, [17])
(17161, [17])
(17162, [9, 13, 17])
(17163, [17])
(17167, [4, 10, 17])
(17172, [14, 17])
(17175, [0, 9, 10, 17])
(17181, [17])
(17183, [2, 17])
(17184, [17])
(17186, [0, 14, 17])
(17187, [2, 4, 17])
(17195, [13, 17])
(17198, [10, 17])
(17199, [17])
(17201, [17])
(17202, [0, 7, 8, 10, 16, 17])
(17203, [0, 6, 11, 16, 17])
(17204, [17])
(17206, [17])
(17207, [17])
(17208, [17])
(17210, [4, 17])
(17212, [17])
(17214, [9, 17])
(17216, [17])
(17219, [17])
(17223, [3, 4, 11, 15, 17])
(17227, [0, 2, 3, 5, 12, 13, 15, 17])
(17232, [17])
(17233, [17])
(17234, [17])
(17235, [8, 17])
(17237, [15, 17])
(17239, [0, 1, 6, 17])
(17240, [3, 17])
(17248, [17])
(17257, [2, 8, 17])
(17258, [1, 17])
(17260, [17])
(17261, [16, 17])
(17263, [5, 17])
(17267, [17])
(17268, [17])
(17270, [17])
(17272, [8, 10, 17])
(17273, [17])
(17274, [0, 17])
(17277, [0, 4, 8, 17])
(17278, [2, 17])
(17280, [17])
(17283, [17])
(17287, [2, 10, 17])
(17291, [17])
(17299, [17])
(17301, [9, 17])
(17302, [17])
(17304, [17])
(17305, [7, 14, 17])
(17309, [5, 13, 17])
(17310, [17])
(17311, [0, 8, 17])
(17312, [17])
(17314, [2, 3, 7, 10, 15, 16, 17])
(17317, [17])
(17319, [15, 17])
(17328, [17])
(17329, [8, 17])
(17330, [17])
(17332, [16, 17])
(17336, [17])
(17337, [2, 10, 14, 17])
(17339, [0, 6, 10, 13, 17])
(17344, [17])
(17350, [17])
(17354, [17])
(17363, [17])
(17372, [8, 17])
(17373, [17])
(17376, [17])
(17377, [8, 17])
(17379, [17])
(17381, [17])
(17385, [17])
(17386, [2, 13, 17])
(17387, [3, 17])
(17390, [13, 14, 16, 17])
(17391, [8, 10, 15, 17])
(17392, [17])
(17394, [17])
(17407, [8, 17])
(17410, [8, 17])
(17411, [13, 17])
(17412, [17])
(17413, [0, 17])
(17417, [10, 14, 17])
(17420, [17])
(17422, [17])
(17424, [0, 17])
(17425, [12, 14, 15, 17])
(17426, [17])
(17431, [0, 14, 17])
(17434, [12, 15, 17])
(17438, [17])
(17439, [5, 17])
(17444, [10, 17])
(17445, [17])
(17449, [17])
(17452, [0, 2, 7, 9, 14, 15, 17])
(17460, [17])
(17464, [0, 8, 17])
(17465, [17])
(17466, [17])
(17468, [17])
(17469, [17])
(17471, [2, 4, 17])
(17472, [15, 17])
(17476, [11, 17])
(17477, [17])
(17482, [17])
(17483, [2, 17])
(17485, [11, 13, 14, 17])
(17486, [4, 7, 15, 17])
(17488, [0, 1, 7, 17])
(17490, [17])
(17492, [17])
(17496, [17])
(17499, [2, 9, 14, 16, 17])
(17500, [0, 1, 12, 17])
(17501, [17])
(17508, [1, 17])
(17509, [17])
(17510, [17])
(17512, [0, 17])
(17513, [14, 17])
(17516, [17])
(17519, [2, 10, 17])
(17520, [17])
(17521, [4, 6, 17])
(17522, [0, 17])
(17525, [17])
(17529, [8, 17])
(17531, [17])
(17532, [17])
(17533, [17])
(17534, [0, 8, 9, 17])
(17535, [16, 17])
(17537, [17])
(17541, [17])
(17548, [2, 10, 17])
(17549, [17])
(17551, [17])
(17552, [13, 17])
(17557, [0, 7, 17])
(17558, [0, 8, 17])
(17563, [0, 2, 9, 16, 17])
(17564, [2, 4, 17])
(17569, [17])
(17570, [9, 17])
(17571, [0, 2, 15, 17])
(17573, [17])
(17574, [10, 15, 17])
(17575, [1, 3, 5, 17])
(17576, [9, 13, 15, 16, 17])
(17580, [0, 16, 17])
(17581, [17])
(17582, [17])
(17584, [0, 17])
(17585, [1, 17])
(17586, [2, 7, 17])
(17587, [0, 17])
(17596, [17])
(17599, [17])
(17603, [0, 13, 15, 17])
(17604, [2, 8, 9, 16, 17])
(17605, [2, 17])
(17606, [0, 10, 13, 17])
(17607, [12, 16, 17])
(17610, [2, 5, 10, 11, 13, 17])
(17611, [17])
(17613, [16, 17])
(17615, [17])
(17616, [0, 17])
(17621, [17])
(17622, [0, 6, 7, 9, 10, 16, 17])
(17623, [17])
(17624, [17])
(17625, [17])
(17626, [13, 17])
(17632, [14, 17])
(17633, [6, 13, 17])
(17634, [6, 17])
(17637, [6, 17])
(17639, [17])
(17642, [17])
(17646, [17])
(17647, [17])
(17648, [17])
(17651, [3, 11, 17])
(17658, [17])
(17659, [17])
(17660, [17])
(17664, [0, 6, 17])
(17666, [17])
(17668, [17])
(17671, [17])
(17674, [17])
(17675, [17])
(17680, [17])
(17681, [0, 2, 17])
(17683, [16, 17])
(17685, [6, 17])
(17687, [16, 17])
(17688, [0, 3, 13, 14, 17])
(17691, [17])
(17694, [12, 17])
(17700, [17])
(17701, [1, 17])
(17702, [5, 17])
(17703, [4, 17])
(17704, [0, 17])
(17709, [3, 4, 10, 11, 13, 16, 17])
(17711, [15, 16, 17])
(17713, [17])
(17714, [16, 17])
(17718, [17])
(17719, [17])
(17723, [17])
(17731, [3, 4, 14, 16, 17])
(17732, [1, 17])
(17736, [17])
(17742, [17])
(17743, [0, 9, 17])
(17744, [17])
(17746, [3, 12, 17])
(17753, [17])
(17754, [17])
(17755, [0, 17])
(17759, [8, 9, 13, 17])
(17762, [17])
(17765, [17])
(17769, [17])
(17770, [12, 17])
(17771, [14, 17])
(17773, [17])
(17774, [17])
(17776, [17])
(17777, [17])
(17782, [0, 17])
(17784, [17])
(17785, [4, 5, 17])
(17788, [17])
(17789, [2, 9, 13, 17])
(17799, [17])
(17801, [0, 17])
(17802, [0, 17])
(17803, [17])
(17807, [9, 11, 17])
(17812, [0, 17])
(17813, [7, 17])
(17814, [17])
(17815, [14, 17])
(17819, [17])
(17823, [4, 17])
(17826, [2, 4, 17])
(17828, [17])
(17830, [3, 4, 5, 8, 17])
(17831, [0, 17])
(17833, [17])
(17836, [0, 1, 7, 8, 11, 15, 17])
(17838, [17])
(17841, [17])
(17842, [17])
(17843, [0, 7, 14, 17])
(17845, [17])
(17846, [0, 2, 6, 8, 17])
(17848, [2, 16, 17])
(17849, [17])
(17851, [13, 14, 17])
(17853, [2, 15, 17])
(17857, [0, 7, 17])
(17860, [12, 17])
(17861, [14, 17])
(17863, [17])
(17867, [17])
(17870, [17])
(17871, [0, 3, 11, 13, 14, 17])
(17873, [0, 6, 14, 17])
(17878, [7, 17])
(17884, [5, 8, 11, 17])
(17885, [0, 17])
(17886, [8, 13, 16, 17])
(17889, [17])
(17890, [0, 3, 7, 11, 16, 17])
(17891, [15, 17])
(17892, [17])
(17895, [14, 17])
(17896, [17])
(17898, [8, 10, 15, 16, 17])
(17900, [5, 9, 17])
(17904, [0, 13, 15, 17])
(17905, [14, 17])
(17906, [13, 17])
(17908, [0, 17])
(17910, [4, 6, 14, 17])
(17914, [17])
(17916, [3, 4, 6, 8, 10, 11, 12, 15, 17])
(17917, [17])
(17918, [0, 8, 17])
(17920, [14, 15, 17])
(17924, [17])
(17925, [17])
(17927, [6, 17])
(17930, [17])
(17931, [17])
(17936, [7, 8, 10, 17])
(17938, [5, 17])
(17940, [17])
(17941, [1, 15, 17])
(17942, [11, 17])
(17944, [0, 17])
(17945, [1, 17])
(17951, [17])
(17953, [2, 3, 7, 8, 9, 12, 14, 15, 17])
(17954, [3, 17])
(17955, [15, 17])
(17956, [10, 17])
(17957, [17])
(17961, [13, 14, 17])
(17964, [2, 8, 17])
(17967, [0, 3, 6, 12, 17])
(17968, [14, 17])
(17969, [14, 17])
(17975, [2, 8, 12, 14, 17])
(17976, [6, 10, 11, 17])
(17977, [0, 2, 3, 13, 15, 17])
(17978, [17])
(17981, [17])
(17982, [17])
(17984, [2, 7, 14, 17])
(17985, [17])
(17986, [15, 17])
(17987, [0, 8, 9, 10, 11, 15, 17])
(17990, [0, 8, 17])
(17992, [0, 17])
(17993, [17])
(17996, [0, 17])
(17997, [17])
(17998, [7, 17])
(17999, [17])
(18000, [6, 8, 10, 15, 17])
(18004, [17])
(18005, [17])
(18011, [17])
(18012, [2, 3, 11, 17])
(18018, [13, 17])
(18025, [13, 17])
(18027, [0, 17])
(18028, [17])
(18030, [17])
(18035, [17])
(18037, [3, 4, 7, 17])
(18040, [17])
(18044, [17])
(18046, [15, 17])
(18049, [2, 17])
(18051, [6, 8, 17])
(18052, [2, 10, 11, 13, 14, 16, 17])
(18055, [15, 17])
(18056, [0, 5, 6, 10, 17])
(18057, [2, 5, 17])
(18058, [0, 17])
(18059, [17])
(18065, [17])
(18066, [5, 15, 17])
(18069, [0, 7, 17])
(18072, [17])
(18077, [17])
(18081, [17])
(18083, [17])
(18088, [0, 1, 3, 15, 17])
(18091, [17])
(18093, [11, 13, 17])
(18094, [0, 17])
(18095, [17])
(18097, [17])
(18098, [1, 8, 10, 13, 14, 16, 17])
(18099, [0, 9, 11, 13, 15, 17])
(18100, [17])
(18101, [17])
(18104, [17])
(18106, [17])
(18110, [0, 17])
(18114, [5, 6, 7, 8, 17])
(18115, [17])
(18116, [0, 17])
(18122, [5, 17])
(18124, [17])
(18125, [17])
(18126, [17])
(18128, [17])
(18131, [17])
(18132, [17])
(18134, [17])
(18136, [17])
(18140, [12, 17])
(18143, [17])
(18147, [2, 9, 17])
(18151, [2, 11, 13, 17])
(18155, [0, 17])
(18156, [17])
(18160, [10, 17])
(18161, [17])
(18162, [0, 13, 17])
(18164, [16, 17])
(18165, [7, 15, 17])
(18166, [8, 12, 17])
(18167, [14, 15, 17])
(18168, [0, 5, 6, 8, 17])
(18169, [9, 10, 15, 17])
(18172, [17])
(18175, [11, 17])
(18177, [17])
(18183, [17])
(18184, [17])
(18189, [17])
(18190, [17])
(18194, [8, 17])
(18195, [17])
(18197, [7, 11, 17])
(18198, [5, 8, 10, 11, 17])
(18199, [17])
(18202, [14, 17])
(18204, [2, 7, 8, 17])
(18210, [0, 3, 5, 7, 8, 10, 11, 13, 14, 17])
(18211, [7, 17])
(18212, [5, 16, 17])
(18213, [17])
(18215, [10, 17])
(18216, [6, 17])
(18217, [17])
(18219, [17])
(18221, [0, 2, 9, 10, 11, 13, 14, 15, 16, 17])
(18222, [0, 14, 17])
(18223, [0, 4, 6, 10, 11, 13, 16, 17])
(18224, [8, 17])
(18227, [17])
(18231, [12, 17])
(18234, [13, 17])
(18235, [0, 10, 13, 17])
(18236, [17])
(18237, [5, 17])
(18239, [17])
(18243, [0, 4, 8, 14, 17])
(18244, [3, 9, 16, 17])
(18249, [13, 15, 17])
(18252, [4, 8, 13, 16, 17])
(18255, [2, 17])
(18260, [2, 6, 17])
(18263, [0, 17])
(18265, [17])
(18268, [0, 1, 5, 6, 10, 15, 17])
(18269, [17])
(18270, [11, 14, 17])
(18271, [1, 17])
(18272, [7, 17])
(18273, [17])
(18274, [13, 14, 17])
(18275, [0, 17])
(18277, [0, 11, 17])
(18278, [3, 8, 11, 12, 17])
(18279, [0, 3, 5, 17])
(18283, [15, 17])
(18285, [4, 17])
(18289, [2, 7, 9, 10, 11, 15, 16, 17])
(18291, [8, 13, 15, 17])
(18293, [14, 17])
(18297, [8, 17])
(18300, [4, 12, 17])
(18306, [15, 17])
(18314, [17])
(18316, [8, 12, 17])
(18319, [17])
(18320, [8, 14, 16, 17])
(18327, [13, 17])
(18329, [8, 17])
(18331, [17])
(18333, [1, 2, 7, 8, 12, 13, 17])
(18334, [17])
(18335, [17])
(18339, [17])
(18340, [2, 8, 11, 12, 13, 17])
(18341, [2, 8, 9, 15, 17])
(18342, [10, 16, 17])
(18343, [17])
(18344, [17])
(18345, [17])
(18348, [7, 12, 17])
(18349, [8, 10, 11, 17])
(18354, [17])
(18359, [8, 17])
(18361, [10, 17])
(18364, [2, 8, 17])
(18369, [0, 17])
(18370, [0, 1, 12, 17])
(18376, [17])
(18378, [6, 15, 17])
(18379, [17])
(18380, [2, 9, 17])
(18386, [10, 15, 16, 17])
(18388, [1, 3, 7, 17])
(18389, [17])
(18394, [16, 17])
(18395, [3, 17])
(18400, [17])
(18401, [3, 7, 17])
(18409, [17])
(18411, [16, 17])
(18413, [16, 17])
(18414, [0, 3, 4, 17])
(18415, [0, 3, 7, 11, 17])
(18421, [13, 17])
(18423, [17])
(18427, [17])
(18431, [2, 17])
(18432, [17])
(18434, [17])
(18435, [17])
(18438, [15, 17])
(18443, [6, 15, 17])
(18445, [0, 17])
(18448, [0, 17])
(18452, [17])
(18455, [17])
(18456, [14, 17])
(18460, [13, 17])
(18462, [17])
(18463, [0, 2, 15, 16, 17])
(18472, [17])
(18474, [0, 3, 17])
(18477, [13, 17])
(18478, [17])
(18480, [17])
(18487, [7, 9, 12, 14, 15, 17])
(18490, [0, 10, 11, 12, 13, 17])
(18491, [13, 17])
(18496, [0, 5, 9, 10, 17])
(18497, [5, 17])
(18498, [8, 9, 13, 14, 16, 17])
(18499, [17])
(18503, [17])
(18505, [17])
(18508, [17])
(18509, [16, 17])
