(10, [0])
(19, [0])
(20, [0])
(30, [0])
(39, [0])
(41, [0])
(49, [0])
(51, [0])
(65, [0])
(67, [0])
(77, [0])
(79, [0])
(80, [0])
(86, [0])
(98, [0])
(100, [0])
(101, [0])
(111, [0])
(113, [0])
(114, [0])
(122, [0])
(127, [0])
(133, [0])
(139, [0])
(140, [0])
(145, [0])
(155, [0])
(162, [0])
(164, [0])
(168, [0])
(172, [0])
(176, [0])
(180, [0])
(183, [0])
(184, [0])
(187, [0])
(192, [0])
(202, [0])
(206, [0])
(208, [0])
(232, [0])
(241, [0])
(244, [0])
(245, [0])
(257, [0])
(261, [0])
(264, [0])
(265, [0])
(277, [0])
(280, [0])
(286, [0])
(287, [0])
(289, [0])
(291, [0])
(294, [0])
(298, [0])
(304, [0])
(309, [0])
(313, [0])
(315, [0])
(316, [0])
(320, [0])
(327, [0])
(328, [0])
(330, [0])
(333, [0])
(339, [0])
(340, [0])
(348, [0])
(353, [0])
(358, [0])
(361, [0])
(366, [0])
(371, [0])
(377, [0])
(378, [0])
(379, [0])
(382, [0])
(386, [0])
(388, [0])
(389, [0])
(396, [0])
(400, [0])
(409, [0])
(410, [0])
(411, [0])
(415, [0])
(416, [0])
(418, [0])
(426, [0])
(430, [0])
(434, [0])
(437, [0])
(442, [0])
(446, [0])
(449, [0])
(450, [0])
(460, [0])
(464, [0])
(471, [0])
(473, [0])
(476, [0])
(479, [0])
(485, [0])
(508, [0])
(512, [0])
(517, [0])
(519, [0])
(525, [0])
(526, [0])
(532, [0])
(534, [0])
(541, [0])
(545, [0])
(549, [0])
(550, [0])
(563, [0])
(565, [0])
(567, [0])
(570, [0])
(575, [0])
(582, [0])
(592, [0])
(604, [0])
(606, [0])
(614, [0])
(618, [0])
(624, [0])
(642, [0])
(644, [0])
(647, [0])
(650, [0])
(651, [0])
(653, [0])
(655, [0])
(658, [0])
(660, [0])
(665, [0])
(670, [0])
(673, [0])
(680, [0])
(684, [0])
(691, [0])
(693, [0])
(701, [0])
(703, [0])
(708, [0])
(710, [0])
(714, [0])
(715, [0])
(723, [0])
(732, [0])
(741, [0])
(750, [0])
(755, [0])
(756, [0])
(761, [0])
(764, [0])
(783, [0])
(785, [0])
(787, [0])
(793, [0])
(797, [0])
(800, [0])
(803, [0])
(804, [0])
(809, [0])
(818, [0])
(820, [0])
(823, [0])
(831, [0])
(833, [0])
(834, [0])
(836, [0])
(839, [0])
(842, [0])
(850, [0])
(854, [0])
(861, [0])
(866, [0])
(868, [0])
(869, [0])
(872, [0])
(891, [0])
(895, [0])
(896, [0])
(899, [0])
(910, [0])
(920, [0])
(922, [0])
(928, [0])
(933, [0])
(939, [0])
(944, [0])
(957, [0])
(973, [0])
(975, [0])
(978, [0])
(990, [0])
(1008, [0])
(1009, [0])
(1017, [0])
(1023, [0])
(1027, [0])
(1029, [0])
(1030, [0])
(1031, [0])
(1032, [0])
(1035, [0])
(1040, [0])
(1041, [0])
(1043, [0])
(1045, [0])
(1047, [0])
(1052, [0])
(1057, [0])
(1059, [0])
(1060, [0])
(1062, [0])
(1064, [0])
(1081, [0])
(1084, [0])
(1085, [0])
(1096, [0])
(1107, [0])
(1108, [0])
(1109, [0])
(1112, [0])
(1116, [0])
(1119, [0])
(1123, [0])
(1131, [0])
(1133, [0])
(1135, [0])
(1140, [0])
(1152, [0])
(1155, [0])
(1156, [0])
(1158, [0])
(1159, [0])
(1166, [0])
(1172, [0])
(1176, [0])
(1180, [0])
(1196, [0])
(1200, [0])
(1206, [0])
(1220, [0])
(1222, [0])
(1226, [0])
(1232, [0])
(1237, [0])
(1242, [0])
(1243, [0])
(1245, [0])
(1253, [0])
(1257, [0])
(1263, [0])
(1267, [0])
(1271, [0])
(1273, [0])
(1286, [0])
(1288, [0])
(1290, [0])
(1305, [0])
(1306, [0])
(1313, [0])
(1317, [0])
(1319, [0])
(1324, [0])
(1327, [0])
(1328, [0])
(1334, [0])
(1335, [0])
(1338, [0])
(1340, [0])
(1341, [0])
(1344, [0])
(1345, [0])
(1351, [0])
(1365, [0])
(1368, [0])
(1371, [0])
(1375, [0])
(1380, [0])
(1400, [0])
(1401, [0])
(1410, [0])
(1418, [0])
(1422, [0])
(1428, [0])
(1431, [0])
(1437, [0])
(1439, [0])
(1443, [0])
(1455, [0])
(1465, [0])
(1468, [0])
(1473, [0])
(1475, [0])
(1483, [0])
(1488, [0])
(1489, [0])
(1502, [0])
(1504, [0])
(1520, [0])
(1521, [0])
(1523, [0])
(1532, [0])
(1539, [0])
(1544, [0])
(1546, [0])
(1552, [0])
(1555, [0])
(1558, [0])
(1581, [0])
(1583, [0])
(1588, [0])
(1595, [0])
(1599, [0])
(1607, [0])
(1615, [0])
(1618, [0])
(1619, [0])
(1630, [0])
(1631, [0])
(1634, [0])
(1639, [0])
(1641, [0])
(1645, [0])
(1649, [0])
(1654, [0])
(1655, [0])
(1656, [0])
(1662, [0])
(1663, [0])
(1668, [0])
(1669, [0])
(1670, [0])
(1673, [0])
(1675, [0])
(1677, [0])
(1678, [0])
(1682, [0])
(1685, [0])
(1688, [0])
(1694, [0])
(1696, [0])
(1705, [0])
(1708, [0])
(1709, [0])
(1716, [0])
(1733, [1])
(1739, [1])
(1740, [1])
(1741, [1])
(1762, [1])
(1763, [1])
(1773, [1])
(1774, [1])
(1776, [1])
(1785, [1])
(1786, [1])
(1790, [1])
(1800, [0, 1])
(1809, [1])
(1812, [1])
(1839, [1])
(1847, [1])
(1850, [1])
(1856, [1])
(1868, [0, 1])
(1869, [0, 1])
(1871, [1])
(1876, [1])
(1877, [1])
(1880, [1])
(1884, [1])
(1892, [1])
(1897, [1])
(1902, [1])
(1913, [1])
(1924, [1])
(1932, [1])
(1936, [1])
(1943, [1])
(1944, [1])
(1950, [1])
(1953, [1])
(1963, [1])
(1974, [1])
(1981, [0, 1])
(1982, [1])
(1987, [1])
(2000, [1])
(2003, [1])
(2018, [1])
(2027, [1])
(2036, [1])
(2038, [1])
(2059, [1])
(2063, [1])
(2070, [1])
(2074, [1])
(2081, [1])
(2082, [1])
(2083, [0, 1])
(2086, [1])
(2098, [1])
(2103, [1])
(2106, [1])
(2115, [1])
(2129, [1])
(2131, [0, 1])
(2132, [0, 1])
(2135, [1])
(2136, [1])
(2143, [1])
(2150, [1])
(2163, [1])
(2169, [1])
(2193, [1])
(2210, [1])
(2211, [1])
(2220, [1])
(2221, [1])
(2228, [1])
(2229, [1])
(2231, [1])
(2232, [1])
(2239, [1])
(2244, [1])
(2253, [1])
(2261, [1])
(2271, [1])
(2276, [1])
(2291, [1])
(2292, [0, 1])
(2301, [1])
(2304, [1])
(2318, [1])
(2319, [1])
(2336, [1])
(2337, [1])
(2344, [0, 1])
(2347, [1])
(2348, [1])
(2349, [1])
(2354, [1])
(2355, [1])
(2361, [1])
(2374, [1])
(2376, [1])
(2392, [1])
(2395, [1])
(2399, [1])
(2407, [1])
(2433, [1])
(2434, [1])
(2436, [1])
(2441, [1])
(2442, [1])
(2452, [1])
(2457, [1])
(2459, [1])
(2460, [1])
(2472, [1])
(2477, [1])
(2480, [1])
(2482, [1])
(2483, [1])
(2487, [2])
(2490, [2])
(2491, [2])
(2497, [2])
(2520, [2])
(2521, [2])
(2532, [2])
(2561, [2])
(2565, [2])
(2567, [2])
(2568, [2])
(2573, [2])
(2574, [2])
(2586, [2])
(2589, [2])
(2590, [2])
(2596, [2])
(2598, [2])
(2600, [2])
(2609, [2])
(2613, [2])
(2620, [2])
(2623, [0, 2])
(2630, [2])
(2633, [2])
(2638, [2])
(2642, [2])
(2663, [2])
(2678, [2])
(2679, [2])
(2686, [2])
(2707, [2])
(2709, [2])
(2722, [2])
(2723, [2])
(2728, [2])
(2729, [2])
(2743, [2])
(2745, [2])
(2746, [2])
(2753, [0, 2])
(2765, [2])
(2768, [2])
(2775, [2])
(2785, [2])
(2788, [2])
(2789, [2])
(2790, [2])
(2792, [2])
(2794, [2])
(2803, [2])
(2808, [2])
(2812, [2])
(2824, [2])
(2825, [2])
(2831, [2])
(2832, [1, 2])
(2848, [0, 2])
(2850, [2])
(2857, [2])
(2863, [2])
(2877, [1, 2])
(2892, [2])
(2909, [2])
(2910, [2])
(2911, [2])
(2932, [2])
(2936, [0, 2])
(2938, [2])
(2940, [2])
(2950, [2])
(2955, [2])
(2956, [2])
(2960, [2])
(2971, [2])
(2986, [2])
(3010, [2])
(3011, [0, 2])
(3018, [2])
(3022, [2])
(3031, [2])
(3034, [2])
(3036, [2])
(3037, [2])
(3049, [2])
(3052, [2])
(3055, [2])
(3057, [2])
(3083, [2])
(3093, [2])
(3098, [2])
(3101, [2])
(3127, [2])
(3131, [2])
(3163, [2])
(3164, [2])
(3167, [2])
(3173, [2])
(3179, [2])
(3207, [2])
(3209, [2])
(3222, [2])
(3234, [2])
(3242, [2])
(3253, [2])
(3259, [2])
(3260, [2])
(3274, [2])
(3275, [2])
(3283, [2])
(3286, [2])
(3289, [2])
(3294, [2])
(3310, [2])
(3316, [2])
(3325, [2])
(3330, [2])
(3334, [2])
(3353, [2])
(3366, [2])
(3369, [0, 2])
(3371, [0, 2])
(3372, [2])
(3374, [2])
(3397, [3])
(3401, [3])
(3414, [3])
(3426, [3])
(3430, [1, 3])
(3435, [3])
(3443, [3])
(3450, [3])
(3453, [1, 3])
(3455, [3])
(3457, [3])
(3467, [3])
(3489, [3])
(3498, [3])
(3500, [3])
(3502, [3])
(3504, [3])
(3511, [3])
(3515, [3])
(3519, [3])
(3528, [1, 3])
(3551, [3])
(3567, [3])
(3569, [3])
(3574, [3])
(3579, [3])
(3584, [3])
(3588, [3])
(3589, [3])
(3590, [3])
(3591, [3])
(3598, [3])
(3605, [3])
(3617, [3])
(3625, [3])
(3627, [3])
(3634, [3])
(3637, [1, 3])
(3642, [3])
(3660, [3])
(3663, [3])
(3666, [3])
(3674, [1, 3])
(3678, [1, 3])
(3683, [3])
(3692, [3])
(3693, [3])
(3711, [3])
(3712, [3])
(3718, [3])
(3722, [3])
(3728, [3])
(3734, [3])
(3735, [3])
(3738, [3])
(3741, [3])
(3749, [3])
(3760, [2, 3])
(3765, [3])
(3767, [3])
(3768, [3])
(3771, [3])
(3777, [3])
(3780, [3])
(3788, [1, 3])
(3793, [3])
(3800, [3])
(3816, [3])
(3823, [3])
(3827, [3])
(3830, [3])
(3831, [3])
(3847, [3])
(3852, [3])
(3856, [3])
(3865, [3])
(3875, [3])
(3876, [3])
(3877, [3])
(3878, [3])
(3886, [3])
(3899, [2, 3])
(3901, [3])
(3910, [3])
(3939, [3])
(3941, [3])
(3954, [3])
(3960, [3])
(3966, [3])
(3970, [3])
(3976, [3])
(3987, [3])
(3996, [3])
(4005, [3])
(4014, [3])
(4018, [3])
(4023, [3])
(4034, [0, 3])
(4037, [3])
(4041, [3])
(4064, [3])
(4071, [2, 3])
(4072, [3])
(4076, [3])
(4077, [3])
(4079, [3])
(4088, [3])
(4090, [3])
(4102, [3])
(4105, [3])
(4116, [3])
(4119, [0, 3])
(4125, [3])
(4129, [3])
(4143, [3])
(4144, [3])
(4145, [3])
(4155, [3])
(4165, [3])
(4166, [3])
(4173, [3])
(4174, [3])
(4175, [3])
(4181, [3])
(4196, [3])
(4199, [3])
(4201, [3])
(4203, [3])
(4217, [3])
(4238, [3])
(4261, [3])
(4277, [3])
(4278, [3])
(4283, [3])
(4284, [3])
(4294, [3])
(4300, [3])
(4301, [3])
(4311, [4])
(4317, [0, 4])
(4320, [4])
(4322, [4])
(4325, [2, 4])
(4340, [4])
(4362, [1, 4])
(4374, [3, 4])
(4376, [4])
(4377, [1, 4])
(4384, [0, 4])
(4396, [4])
(4403, [3, 4])
(4419, [4])
(4441, [4])
(4459, [4])
(4461, [4])
(4464, [4])
(4465, [3, 4])
(4477, [0, 4])
(4494, [4])
(4496, [4])
(4502, [4])
(4506, [4])
(4509, [4])
(4514, [4])
(4524, [3, 4])
(4536, [4])
(4541, [4])
(4547, [3, 4])
(4555, [4])
(4570, [4])
(4579, [4])
(4582, [1, 3, 4])
(4584, [0, 4])
(4586, [4])
(4596, [2, 3, 4])
(4609, [4])
(4614, [4])
(4616, [4])
(4618, [4])
(4623, [4])
(4629, [4])
(4643, [4])
(4645, [4])
(4652, [4])
(4659, [3, 4])
(4669, [4])
(4670, [0, 4])
(4671, [4])
(4673, [4])
(4688, [4])
(4704, [4])
(4708, [4])
(4722, [4])
(4728, [4])
(4734, [4])
(4745, [4])
(4758, [4])
(4759, [4])
(4770, [4])
(4793, [3, 4])
(4795, [4])
(4798, [4])
(4800, [4])
(4809, [4])
(4812, [4])
(4814, [4])
(4834, [4])
(4836, [4])
(4838, [4])
(4846, [2, 3, 4])
(4852, [4])
(4865, [4])
(4879, [4])
(4883, [4])
(4890, [4])
(4895, [3, 4])
(4899, [4])
(4908, [4])
(4911, [4])
(4913, [0, 4])
(4921, [4])
(4931, [4])
(4933, [4])
(4934, [4])
(4939, [4])
(4949, [4])
(4952, [4])
(4957, [4])
(4962, [3, 4])
(4968, [4])
(4971, [4])
(4972, [4])
(4975, [4])
(4976, [4])
(4980, [4])
(4982, [4])
(4983, [4])
(5012, [4])
(5013, [4])
(5033, [4])
(5035, [4])
(5042, [4])
(5044, [3, 4])
(5046, [3, 4])
(5048, [4])
(5050, [4])
(5051, [4])
(5053, [4])
(5054, [4])
(5055, [3, 4])
(5064, [1, 5])
(5073, [5])
(5074, [5])
(5078, [5])
(5079, [5])
(5095, [5])
(5102, [5])
(5110, [4, 5])
(5115, [5])
(5117, [5])
(5120, [5])
(5121, [5])
(5143, [5])
(5156, [5])
(5158, [5])
(5161, [5])
(5166, [5])
(5168, [5])
(5170, [5])
(5174, [5])
(5175, [5])
(5191, [4, 5])
(5193, [5])
(5194, [5])
(5198, [5])
(5223, [5])
(5235, [5])
(5236, [5])
(5245, [0, 2, 5])
(5247, [5])
(5260, [5])
(5264, [5])
(5270, [5])
(5272, [5])
(5290, [5])
(5292, [5])
(5311, [5])
(5312, [2, 5])
(5313, [5])
(5327, [2, 5])
(5332, [5])
(5351, [5])
(5352, [5])
(5357, [5])
(5373, [5])
(5385, [5])
(5389, [5])
(5416, [5])
(5422, [5])
(5423, [5])
(5424, [5])
(5427, [5])
(5431, [4, 5])
(5435, [5])
(5441, [5])
(5448, [5])
(5453, [5])
(5460, [5])
(5475, [5])
(5478, [0, 5])
(5479, [5])
(5480, [5])
(5481, [5])
(5488, [5])
(5491, [5])
(5497, [4, 5])
(5501, [5])
(5507, [5])
(5514, [5])
(5516, [5])
(5519, [3, 4, 5])
(5522, [0, 4, 5])
(5528, [4, 5])
(5537, [0, 4, 5])
(5540, [5])
(5553, [5])
(5554, [5])
(5555, [5])
(5556, [5])
(5561, [4, 5])
(5566, [5])
(5568, [1, 5])
(5571, [5])
(5584, [5])
(5585, [5])
(5586, [5])
(5600, [5])
(5608, [5])
(5641, [5])
(5643, [2, 5])
(5655, [5])
(5659, [5])
(5662, [5])
(5666, [5])
(5672, [2, 5])
(5673, [5])
(5678, [5])
(5689, [5])
(5695, [5])
(5706, [5])
(5711, [5])
(5719, [3, 5])
(5723, [5])
(5728, [5])
(5731, [5])
(5733, [5])
(5738, [5])
(5746, [5])
(5754, [5])
(5758, [5])
(5764, [5])
(5781, [3, 5])
(5787, [5])
(5794, [5])
(5812, [1, 5])
(5814, [0, 4, 5])
(5823, [3, 5])
(5826, [3, 5])
(5835, [0, 5])
(5836, [5])
(5839, [0, 6])
(5855, [0, 6])
(5881, [6])
(5888, [6])
(5896, [6])
(5897, [6])
(5898, [0, 4, 6])
(5899, [6])
(5905, [6])
(5916, [6])
(5917, [6])
(5924, [6])
(5938, [6])
(5940, [6])
(5949, [6])
(5959, [6])
(5966, [6])
(5970, [1, 6])
(5976, [6])
(5979, [6])
(5985, [1, 6])
(5989, [6])
(5995, [6])
(6000, [6])
(6002, [6])
(6010, [6])
(6016, [6])
(6019, [6])
(6027, [6])
(6030, [6])
(6031, [6])
(6042, [0, 3, 6])
(6049, [6])
(6050, [6])
(6051, [6])
(6055, [6])
(6056, [6])
(6059, [6])
(6064, [6])
(6065, [4, 5, 6])
(6066, [6])
(6075, [6])
(6092, [6])
(6102, [6])
(6117, [6])
(6124, [6])
(6126, [0, 5, 6])
(6137, [6])
(6138, [6])
(6144, [6])
(6148, [6])
(6153, [0, 6])
(6158, [6])
(6161, [6])
(6163, [6])
(6164, [6])
(6169, [6])
(6170, [6])
(6172, [6])
(6174, [6])
(6177, [6])
(6181, [1, 6])
(6188, [6])
(6193, [6])
(6197, [6])
(6201, [1, 6])
(6206, [3, 6])
(6217, [6])
(6219, [6])
(6230, [6])
(6237, [6])
(6240, [6])
(6245, [6])
(6257, [1, 6])
(6258, [6])
(6259, [6])
(6261, [6])
(6265, [6])
(6269, [5, 6])
(6270, [6])
(6280, [6])
(6285, [6])
(6302, [6])
(6305, [6])
(6310, [6])
(6316, [1, 6])
(6323, [6])
(6329, [0, 6])
(6334, [1, 5, 6])
(6345, [6])
(6346, [6])
(6354, [6])
(6362, [6])
(6363, [6])
(6366, [6])
(6367, [6])
(6368, [0, 5, 6])
(6372, [6])
(6383, [6])
(6386, [6])
(6389, [6])
(6390, [6])
(6397, [6])
(6423, [6])
(6431, [6])
(6432, [6])
(6435, [6])
(6437, [6])
(6440, [4, 6])
(6459, [6])
(6464, [0, 6])
(6466, [6])
(6473, [6])
(6485, [6])
(6497, [7])
(6502, [7])
(6508, [7])
(6514, [7])
(6515, [7])
(6521, [7])
(6525, [7])
(6526, [7])
(6544, [7])
(6546, [7])
(6552, [1, 5, 7])
(6556, [7])
(6560, [7])
(6562, [7])
(6566, [7])
(6570, [7])
(6602, [7])
(6606, [4, 7])
(6612, [7])
(6614, [7])
(6618, [7])
(6621, [7])
(6625, [7])
(6632, [3, 7])
(6633, [7])
(6639, [7])
(6643, [7])
(6658, [7])
(6665, [7])
(6674, [7])
(6675, [7])
(6678, [7])
(6680, [1, 7])
(6683, [7])
(6685, [7])
(6692, [7])
(6701, [7])
(6702, [7])
(6723, [7])
(6748, [7])
(6751, [7])
(6755, [7])
(6758, [4, 7])
(6760, [7])
(6768, [7])
(6773, [7])
(6778, [7])
(6779, [2, 7])
(6780, [7])
(6787, [7])
(6790, [4, 7])
(6791, [7])
(6805, [7])
(6806, [7])
(6813, [7])
(6820, [7])
(6830, [7])
(6847, [7])
(6851, [7])
(6853, [4, 7])
(6857, [7])
(6859, [7])
(6860, [7])
(6863, [7])
(6865, [0, 7])
(6871, [1, 7])
(6880, [4, 7])
(6881, [7])
(6882, [2, 7])
(6883, [7])
(6885, [7])
(6904, [7])
(6908, [7])
(6922, [7])
(6946, [7])
(6953, [5, 7])
(6971, [7])
(6973, [0, 7])
(6975, [7])
(6977, [7])
(6984, [7])
(6987, [0, 7])
(6994, [7])
(6995, [7])
(6999, [7])
(7007, [7])
(7010, [7])
(7021, [7])
(7031, [5, 7])
(7036, [7])
(7039, [7])
(7048, [7])
(7049, [7])
(7050, [0, 7])
(7053, [7])
(7072, [7])
(7087, [1, 7])
(7093, [0, 7])
(7104, [2, 7])
(7111, [7])
(7119, [7])
(7126, [7])
(7131, [7])
(7147, [0, 7])
(7154, [2, 3, 4, 7])
(7155, [7])
(7156, [7])
(7160, [7])
(7163, [1, 7])
(7165, [0, 7])
(7186, [7])
(7190, [7])
(7191, [5, 7])
(7201, [7])
(7216, [7])
(7218, [7])
(7220, [0, 7])
(7225, [7])
(7231, [7])
(7237, [5, 6, 7])
(7240, [7])
(7244, [7])
(7246, [4, 7])
(7255, [4, 7])
(7261, [7])
(7262, [7])
(7276, [3, 7])
(7277, [7])
(7278, [7])
(7281, [7])
(7299, [7])
(7302, [7])
(7305, [7])
(7314, [7])
(7331, [7])
(7343, [7])
(7347, [7])
(7348, [7])
(7349, [7])
(7352, [7])
(7357, [7])
(7358, [7])
(7364, [7])
(7365, [7])
(7370, [3, 7])
(7371, [7])
(7374, [7])
(7383, [7])
(7398, [7])
(7404, [7])
(7405, [0, 4, 7])
(7417, [7])
(7427, [7])
(7428, [7])
(7436, [4, 7])
(7440, [7])
(7445, [6, 7])
(7454, [7])
(7459, [7])
(7463, [5, 7])
(7468, [7])
(7469, [7])
(7472, [7])
(7478, [7])
(7484, [7])
(7487, [7])
(7493, [7])
(7496, [3, 4, 5, 7])
(7499, [7])
(7507, [0, 7])
(7508, [7])
(7510, [3, 7])
(7516, [7])
(7518, [7])
(7524, [7])
(7528, [7])
(7535, [7])
(7540, [0, 7])
(7542, [7])
(7544, [7])
(7545, [0, 5, 7])
(7549, [2, 7])
(7555, [7])
(7565, [1, 7])
(7574, [7, 8])
(7580, [8])
(7589, [8])
(7600, [8])
(7601, [8])
(7602, [8])
(7607, [8])
(7612, [8])
(7629, [3, 4, 6, 7, 8])
(7634, [8])
(7637, [1, 8])
(7638, [6, 7, 8])
(7644, [8])
(7651, [1, 7, 8])
(7653, [8])
(7672, [8])
(7673, [6, 8])
(7674, [8])
(7675, [3, 4, 8])
(7679, [8])
(7680, [8])
(7681, [8])
(7687, [8])
(7689, [8])
(7696, [8])
(7699, [7, 8])
(7705, [7, 8])
(7778, [2, 3, 4, 8])
(7783, [6, 7, 8])
(7796, [8])
(7797, [8])
(7799, [2, 8])
(7802, [7, 8])
(7809, [2, 8])
(7814, [8])
(7823, [8])
(7828, [8])
(7839, [6, 8])
(7841, [8])
(7846, [8])
(7850, [4, 8])
(7868, [8])
(7882, [8])
(7889, [8])
(7891, [1, 8])
(7916, [8])
(7922, [8])
(7932, [8])
(7933, [8])
(7938, [8])
(7940, [8])
(7944, [8])
(7960, [8])
(7962, [8])
(7971, [8])
(7976, [8])
(7982, [8])
(7983, [8])
(8009, [8])
(8010, [8])
(8011, [8])
(8012, [1, 3, 8])
(8016, [8])
(8017, [8])
(8025, [0, 8])
(8031, [8])
(8033, [8])
(8045, [8])
(8052, [8])
(8064, [8])
(8067, [8])
(8081, [8])
(8094, [4, 8])
(8096, [8])
(8106, [8])
(8107, [8])
(8114, [8])
(8116, [8])
(8118, [8])
(8138, [8])
(8142, [8])
(8149, [8])
(8150, [8])
(8161, [2, 8])
(8168, [8])
(8174, [8])
(8181, [8])
(8186, [1, 8])
(8188, [8])
(8189, [8])
(8190, [8])
(8191, [8])
(8202, [8])
(8204, [8])
(8210, [8])
(8213, [8])
(8221, [8])
(8235, [8])
(8237, [7, 8])
(8244, [7, 8])
(8255, [8])
(8268, [8])
(8271, [7, 8])
(8273, [8])
(8274, [8])
(8277, [8])
(8291, [8])
(8295, [8])
(8298, [8])
(8299, [3, 8])
(8302, [2, 8])
(8305, [2, 8])
(8309, [8])
(8316, [2, 8])
(8320, [8])
(8336, [8])
(8340, [7, 8])
(8346, [8])
(8354, [8])
(8363, [8])
(8370, [8])
(8374, [8])
(8375, [8])
(8386, [8])
(8395, [4, 5, 6, 7, 8])
(8398, [8])
(8404, [8])
(8410, [8])
(8425, [8])
(8432, [8])
(8433, [8])
(8456, [8])
(8468, [8])
(8473, [8])
(8475, [8])
(8477, [8])
(8484, [8])
(8488, [8])
(8491, [4, 8])
(8503, [8])
(8517, [8])
(8522, [8])
(8526, [8])
(8533, [6, 8])
(8540, [8])
(8542, [3, 8])
(8562, [8])
(8567, [8])
(8571, [8])
(8583, [8])
(8584, [8])
(8586, [8])
(8591, [8])
(8598, [8])
(8602, [8])
(8616, [8])
(8624, [8])
(8625, [8])
(8626, [8])
(8633, [2, 5, 8])
(8646, [8])
(8654, [2, 9])
(8666, [5, 7, 8, 9])
(8672, [9])
(8682, [7, 9])
(8685, [0, 9])
(8697, [9])
(8700, [9])
(8709, [9])
(8712, [9])
(8721, [9])
(8723, [9])
(8724, [2, 5, 7, 9])
(8730, [9])
(8753, [9])
(8756, [9])
(8765, [6, 7, 9])
(8769, [9])
(8775, [9])
(8791, [0, 9])
(8795, [9])
(8808, [9])
(8831, [0, 4, 9])
(8833, [9])
(8842, [9])
(8843, [9])
(8844, [3, 4, 9])
(8848, [9])
(8849, [9])
(8852, [7, 9])
(8854, [9])
(8864, [4, 9])
(8868, [9])
(8880, [2, 9])
(8903, [8, 9])
(8939, [9])
(8942, [9])
(8943, [0, 9])
(8946, [9])
(8948, [9])
(8950, [9])
(8953, [9])
(8955, [8, 9])
(8956, [9])
(8960, [9])
(8962, [2, 9])
(8971, [9])
(8972, [9])
(8973, [9])
(8977, [9])
(8981, [9])
(8984, [9])
(8985, [9])
(8989, [9])
(8998, [9])
(9021, [2, 7, 9])
(9022, [9])
(9047, [9])
(9053, [5, 9])
(9080, [9])
(9083, [9])
(9087, [9])
(9088, [9])
(9090, [9])
(9095, [9])
(9100, [9])
(9103, [9])
(9115, [9])
(9138, [9])
(9148, [9])
(9156, [9])
(9162, [9])
(9166, [9])
(9172, [2, 9])
(9178, [9])
(9179, [5, 9])
(9181, [0, 4, 7, 9])
(9187, [9])
(9190, [9])
(9203, [9])
(9204, [2, 9])
(9206, [5, 9])
(9209, [9])
(9223, [3, 9])
(9227, [9])
(9228, [9])
(9230, [9])
(9233, [9])
(9240, [8, 9])
(9253, [9])
(9254, [7, 9])
(9273, [9])
(9275, [9])
(9280, [3, 4, 9])
(9298, [9])
(9303, [9])
(9307, [9])
(9308, [9])
(9314, [9])
(9324, [3, 9])
(9338, [10])
(9356, [3, 5, 8, 10])
(9357, [10])
(9359, [10])
(9361, [10])
(9371, [5, 9, 10])
(9376, [10])
(9379, [10])
(9380, [10])
(9381, [2, 8, 10])
(9382, [10])
(9389, [10])
(9391, [0, 10])
(9393, [0, 2, 4, 10])
(9395, [0, 4, 10])
(9397, [10])
(9410, [1, 10])
(9412, [10])
(9417, [10])
(9424, [10])
(9435, [7, 8, 10])
(9438, [10])
(9442, [10])
(9445, [10])
(9454, [5, 10])
(9456, [10])
(9462, [10])
(9465, [10])
(9470, [10])
(9474, [10])
(9475, [10])
(9476, [10])
(9478, [10])
(9481, [10])
(9490, [3, 10])
(9491, [7, 10])
(9493, [10])
(9498, [10])
(9502, [0, 10])
(9506, [10])
(9512, [10])
(9513, [10])
(9514, [10])
(9528, [10])
(9530, [0, 10])
(9538, [10])
(9542, [2, 10])
(9556, [10])
(9563, [0, 10])
(9570, [10])
(9574, [10])
(9578, [10])
(9581, [10])
(9584, [10])
(9587, [4, 10])
(9593, [10])
(9595, [10])
(9598, [6, 10])
(9607, [10])
(9609, [10])
(9612, [10])
(9618, [10])
(9625, [2, 10])
(9633, [10])
(9636, [10])
(9640, [10])
(9651, [10])
(9666, [10])
(9670, [10])
(9672, [10])
(9673, [1, 10])
(9677, [3, 10])
(9679, [10])
(9691, [10])
(9693, [10])
(9694, [10])
(9696, [10])
(9715, [10])
(9716, [10])
(9729, [10])
(9750, [10])
(9756, [10])
(9764, [10])
(9767, [10])
(9774, [10])
(9775, [3, 10])
(9781, [7, 10])
(9782, [1, 10])
(9783, [10])
(9785, [10])
(9797, [10])
(9800, [3, 10])
(9801, [10])
(9803, [10])
(9804, [10])
(9808, [0, 10])
(9809, [10])
(9812, [10])
(9818, [10])
(9820, [8, 10])
(9836, [0, 10])
(9837, [2, 10])
(9846, [10])
(9848, [10])
(9851, [10])
(9853, [10])
(9854, [10])
(9855, [10])
(9863, [0, 10])
(9870, [10])
(9894, [10])
(9896, [10])
(9897, [3, 10])
(9899, [10])
(9902, [0, 10])
(9908, [10])
(9911, [10])
(9914, [3, 4, 6, 10])
(9915, [10])
(9923, [10])
(9935, [10])
(9938, [4, 5, 6, 7, 10])
(9940, [10])
(9961, [2, 10])
(9963, [4, 10])
(9964, [10])
(9971, [10])
(9977, [10])
(9982, [10])
(9984, [10])
(9989, [10])
(9994, [10])
(9996, [10])
(10004, [10])
(10009, [10])
(10010, [10])
(10011, [10])
(10013, [10])
(10015, [10])
(10020, [4, 10])
(10023, [10])
(10028, [10])
(10031, [8, 10])
(10062, [10])
(10064, [10])
(10066, [0, 10])
(10068, [10])
(10069, [10])
(10070, [10])
(10075, [0, 7, 10])
(10091, [10])
(10093, [10])
(10094, [10])
(10098, [7, 10])
(10103, [10])
(10108, [10])
(10110, [10])
(10116, [10])
(10119, [10])
(10120, [10])
(10127, [10])
(10128, [10])
(10134, [4, 10])
(10138, [0, 2, 10])
(10149, [3, 10])
(10150, [10])
(10156, [10])
(10158, [10])
(10160, [10])
(10168, [3, 10])
(10169, [10])
(10171, [10])
(10172, [10])
(10174, [10])
(10188, [10])
(10191, [7, 10])
(10192, [10])
(10194, [6, 10])
(10205, [10])
(10216, [10])
(10219, [1, 10])
(10223, [10])
(10235, [10])
(10247, [0, 10])
(10249, [10])
(10251, [10])
(10253, [10])
(10255, [10])
(10266, [10])
(10270, [10])
(10277, [10])
(10278, [10])
(10284, [10])
(10285, [2, 10])
(10286, [10])
(10303, [10])
(10304, [6, 10])
(10312, [10])
(10321, [10])
(10331, [10])
(10332, [10])
(10334, [0, 10])
(10337, [10])
(10343, [10])
(10352, [10])
(10364, [10])
(10368, [10])
(10375, [10])
(10384, [10])
(10386, [10])
(10393, [11])
(10401, [11])
(10410, [11])
(10412, [11])
(10414, [11])
(10419, [1, 11])
(10430, [10, 11])
(10432, [0, 1, 2, 5, 8, 11])
(10437, [0, 11])
(10438, [3, 11])
(10439, [11])
(10446, [7, 11])
(10450, [11])
(10469, [11])
(10471, [3, 11])
(10484, [11])
(10490, [11])
(10491, [11])
(10494, [0, 1, 3, 11])
(10496, [11])
(10515, [0, 11])
(10516, [9, 11])
(10517, [11])
(10536, [11])
(10546, [11])
(10548, [11])
(10578, [3, 4, 11])
(10586, [11])
(10588, [0, 11])
(10589, [11])
(10590, [11])
(10597, [11])
(10601, [11])
(10603, [11])
(10605, [11])
(10608, [3, 11])
(10611, [11])
(10618, [11])
(10627, [11])
(10629, [11])
(10631, [11])
(10633, [11])
(10638, [11])
(10640, [11])
(10642, [11])
(10652, [11])
(10659, [11])
(10660, [11])
(10662, [11])
(10664, [11])
(10665, [11])
(10666, [11])
(10667, [11])
(10670, [11])
(10673, [11])
(10675, [11])
(10680, [11])
(10681, [11])
(10683, [11])
(10689, [0, 11])
(10695, [11])
(10699, [11])
(10700, [11])
(10710, [11])
(10711, [11])
(10715, [3, 11])
(10720, [11])
(10722, [11])
(10726, [1, 3, 5, 7, 11])
(10732, [11])
(10733, [11])
(10742, [0, 9, 11])
(10744, [3, 11])
(10749, [11])
(10750, [11])
(10751, [11])
(10753, [3, 11])
(10754, [11])
(10762, [11])
(10765, [11])
(10769, [11])
(10770, [11])
(10783, [11])
(10784, [11])
(10788, [0, 1, 11])
(10793, [11])
(10796, [0, 10, 11])
(10805, [11])
(10808, [1, 11])
(10813, [11])
(10819, [11])
(10822, [3, 11])
(10831, [11])
(10834, [11])
(10839, [11])
(10844, [11])
(10848, [1, 11])
(10849, [1, 4, 5, 6, 11])
(10862, [11])
(10865, [11])
(10866, [0, 11])
(10868, [0, 11])
(10871, [11])
(10883, [11])
(10891, [11])
(10896, [11])
(10908, [11])
(10914, [11])
(10929, [11])
(10931, [10, 11])
(10941, [11])
(10943, [5, 11])
(10950, [11])
(10951, [11])
(10952, [11])
(10956, [11])
(10965, [1, 11])
(10975, [11])
(10977, [11])
(10982, [1, 5, 11])
(10984, [11])
(10985, [11])
(10988, [7, 11])
(10989, [0, 11])
(10998, [11])
(11004, [11])
(11008, [10, 11])
(11013, [11])
(11022, [11])
(11027, [11])
(11032, [11])
(11033, [11])
(11035, [0, 11])
(11042, [11])
(11045, [11])
(11051, [11])
(11052, [11])
(11053, [10, 11])
(11057, [4, 11])
(11069, [11])
(11070, [10, 11])
(11073, [10, 11])
(11077, [11])
(11083, [3, 6, 11])
(11093, [11])
(11094, [5, 11])
(11100, [1, 3, 5, 10, 11])
(11101, [0, 10, 11])
(11105, [5, 11])
(11115, [11])
(11118, [11])
(11119, [3, 4, 7, 11])
(11120, [1, 11])
(11126, [11])
(11128, [10, 11])
(11149, [11])
(11151, [0, 11])
(11155, [1, 7, 11])
(11158, [11])
(11159, [0, 11])
(11172, [11])
(11175, [11])
(11178, [10, 11])
(11183, [11])
(11186, [11])
(11188, [3, 11])
(11195, [11])
(11196, [11])
(11197, [10, 11])
(11199, [2, 11])
(11201, [11])
(11203, [11])
(11208, [11])
(11210, [11])
(11213, [0, 3, 11])
(11216, [11])
(11220, [11])
(11221, [11])
(11222, [1, 11])
(11224, [11])
(11228, [1, 4, 11])
(11231, [0, 3, 8, 11])
(11233, [11])
(11234, [1, 6, 11])
(11237, [11])
(11248, [11])
(11249, [11])
(11253, [11])
(11262, [11])
(11264, [11])
(11270, [11])
(11274, [11])
(11283, [0, 8, 11])
(11285, [6, 7, 11])
(11288, [3, 4, 5, 7, 8, 9, 11])
(11291, [10, 11])
(11294, [0, 9, 11])
(11297, [11])
(11302, [11])
(11318, [1, 3, 11])
(11319, [3, 4, 7, 10, 11])
(11322, [11])
(11324, [11])
(11325, [11])
(11329, [11])
(11334, [11])
(11335, [11])
(11340, [11])
(11342, [11])
(11346, [11])
(11349, [11])
(11351, [11])
(11354, [0, 10, 11])
(11356, [0, 11])
(11359, [11])
(11369, [12])
(11370, [12])
(11372, [0, 10, 11, 12])
(11380, [5, 7, 12])
(11390, [3, 12])
(11396, [12])
(11397, [12])
(11404, [0, 12])
(11409, [0, 12])
(11418, [8, 12])
(11420, [12])
(11421, [7, 12])
(11423, [12])
(11424, [12])
(11427, [12])
(11431, [12])
(11436, [12])
(11441, [12])
(11443, [12])
(11456, [3, 12])
(11458, [12])
(11462, [12])
(11464, [12])
(11465, [2, 12])
(11469, [1, 5, 12])
(11473, [11, 12])
(11478, [12])
(11479, [12])
(11482, [12])
(11484, [12])
(11494, [8, 12])
(11500, [12])
(11501, [12])
(11507, [12])
(11516, [12])
(11517, [12])
(11519, [1, 2, 7, 9, 12])
(11522, [1, 12])
(11531, [12])
(11533, [5, 10, 12])
(11535, [7, 8, 10, 12])
(11538, [12])
(11540, [3, 4, 5, 7, 8, 10, 12])
(11542, [3, 6, 12])
(11545, [12])
(11551, [12])
(11559, [11, 12])
(11562, [3, 8, 10, 12])
(11564, [5, 12])
(11568, [12])
(11571, [12])
(11574, [12])
(11580, [12])
(11583, [12])
(11584, [6, 12])
(11594, [12])
(11595, [12])
(11602, [0, 12])
