(18510, [17])
(18516, [17])
(18518, [7, 16, 17])
(18522, [17])
(18524, [0, 7, 17])
(18527, [17])
(18531, [6, 17])
(18532, [17])
(18533, [16, 17])
(18534, [17])
(18535, [17])
(18536, [17])
(18538, [17])
(18540, [10, 17])
(18542, [17])
(18543, [9, 17])
(18547, [17])
(18548, [12, 17])
(18550, [17])
(18553, [2, 13, 16, 17])
(18554, [17])
(18561, [6, 13, 15, 17])
(18565, [6, 17])
(18566, [17])
(18568, [17])
(18572, [0, 16, 17])
(18576, [8, 10, 11, 17])
(18578, [15, 16, 17])
(18580, [17])
(18581, [17])
(18582, [12, 17])
(18585, [17])
(18588, [16, 17])
(18593, [11, 17])
(18596, [11, 17])
(18598, [0, 17])
(18601, [17])
(18603, [17])
(18604, [2, 4, 8, 17])
(18605, [6, 7, 8, 11, 14, 17])
(18607, [17])
(18608, [17])
(18611, [17])
(18612, [0, 4, 7, 8, 10, 11, 13, 14, 17])
(18613, [11, 17])
(18615, [17])
(18617, [7, 8, 16, 17])
(18620, [17])
(18626, [0, 17])
(18634, [17])
(18637, [10, 17])
(18640, [17])
(18641, [17])
(18644, [17])
(18645, [0, 3, 5, 14, 17])
(18646, [12, 17])
(18647, [17])
(18648, [17])
(18651, [17])
(18652, [7, 8, 15, 16, 17])
(18653, [8, 17])
(18655, [17])
(18663, [9, 17])
(18666, [17])
(18667, [17])
(18668, [17])
(18669, [17])
(18670, [6, 8, 10, 17])
(18671, [5, 8, 17])
(18674, [17])
(18675, [17])
(18676, [8, 16, 17])
(18683, [17])
(18693, [17])
(18694, [2, 3, 4, 5, 8, 13, 17])
(18695, [0, 2, 9, 15, 16, 17])
(18699, [17])
(18700, [14, 17])
(18701, [10, 17])
(18704, [17])
(18706, [0, 17])
(18708, [17])
(18710, [17])
(18714, [0, 17])
(18718, [0, 7, 14, 17])
(18719, [1, 12, 15, 16, 17])
(18722, [18])
(18723, [18])
(18724, [0, 7, 18])
(18725, [18])
(18727, [9, 12, 17, 18])
(18728, [2, 3, 6, 10, 13, 16, 17, 18])
(18735, [2, 8, 16, 17, 18])
(18736, [18])
(18740, [0, 8, 13, 18])
(18743, [1, 3, 4, 6, 7, 12, 13, 18])
(18744, [3, 18])
(18748, [18])
(18751, [0, 18])
(18752, [1, 14, 18])
(18756, [0, 18])
(18760, [0, 1, 7, 10, 11, 14, 17, 18])
(18761, [2, 8, 18])
(18765, [14, 18])
(18767, [12, 17, 18])
(18770, [13, 17, 18])
(18774, [18])
(18778, [8, 16, 17, 18])
(18780, [5, 12, 18])
(18782, [18])
(18783, [18])
(18787, [18])
(18792, [12, 18])
(18793, [18])
(18794, [9, 18])
(18803, [12, 18])
(18804, [1, 3, 4, 5, 11, 17, 18])
(18805, [18])
(18809, [0, 7, 12, 15, 17, 18])
(18814, [18])
(18817, [18])
(18820, [18])
(18823, [18])
(18825, [8, 12, 18])
(18826, [12, 18])
(18828, [13, 18])
(18834, [18])
(18836, [18])
(18837, [0, 18])
(18839, [0, 14, 18])
(18844, [0, 1, 15, 17, 18])
(18849, [18])
(18853, [11, 18])
(18856, [18])
(18857, [9, 18])
(18862, [12, 18])
(18871, [4, 15, 18])
(18874, [18])
(18877, [3, 17, 18])
(18879, [1, 4, 5, 18])
(18880, [1, 15, 18])
(18883, [18])
(18884, [10, 14, 18])
(18894, [0, 2, 5, 8, 13, 18])
(18895, [18])
(18897, [18])
(18899, [2, 6, 8, 12, 17, 18])
(18904, [0, 4, 12, 13, 14, 15, 17, 18])
(18906, [18])
(18907, [8, 18])
(18908, [7, 11, 18])
(18909, [18])
(18910, [5, 18])
(18912, [5, 12, 14, 18])
(18913, [18])
(18914, [4, 9, 17, 18])
(18915, [18])
(18920, [18])
(18921, [17, 18])
(18923, [18])
(18925, [12, 18])
(18929, [8, 9, 18])
(18932, [18])
(18936, [18])
(18940, [2, 8, 18])
(18942, [4, 6, 18])
(18945, [14, 18])
(18946, [18])
(18947, [2, 9, 15, 17, 18])
(18948, [7, 10, 12, 18])
(18950, [18])
(18954, [12, 14, 15, 18])
(18955, [1, 5, 7, 12, 17, 18])
(18956, [18])
(18958, [6, 10, 18])
(18959, [18])
(18960, [1, 10, 11, 15, 17, 18])
(18961, [0, 3, 7, 8, 9, 14, 18])
(18962, [2, 3, 8, 9, 11, 13, 14, 15, 17, 18])
(18965, [18])
(18969, [0, 18])
(18971, [0, 2, 3, 7, 15, 18])
(18976, [2, 5, 8, 17, 18])
(18981, [0, 17, 18])
(18983, [0, 10, 18])
(18985, [8, 18])
(18986, [15, 18])
(18988, [9, 13, 14, 18])
(18994, [18])
(18995, [0, 4, 7, 8, 11, 12, 17, 18])
(19004, [18])
(19009, [18])
(19010, [18])
(19011, [2, 5, 7, 13, 16, 17, 18])
(19016, [6, 18])
(19018, [8, 18])
(19019, [18])
(19023, [18])
(19024, [18])
(19027, [18])
(19034, [18])
(19035, [12, 18])
(19038, [0, 2, 3, 10, 13, 15, 16, 17, 18])
(19039, [18])
(19042, [18])
(19048, [18])
(19049, [18])
(19051, [18])
(19052, [18])
(19057, [18])
(19058, [18])
(19061, [0, 6, 7, 14, 15, 17, 18])
(19065, [7, 15, 18])
(19070, [0, 11, 15, 17, 18])
(19072, [0, 18])
(19073, [18])
(19074, [15, 18])
(19076, [0, 10, 18])
(19078, [0, 12, 17, 18])
(19079, [3, 7, 9, 11, 13, 14, 16, 17, 18])
(19081, [18])
(19087, [16, 18])
(19088, [18])
(19089, [17, 18])
(19091, [18])
(19092, [18])
(19095, [18])
(19096, [6, 7, 9, 11, 18])
(19097, [0, 8, 10, 16, 17, 18])
(19098, [18])
(19101, [6, 8, 9, 10, 17, 18])
(19102, [18])
(19104, [0, 12, 18])
(19111, [9, 16, 17, 18])
(19112, [3, 5, 15, 18])
(19116, [8, 18])
(19118, [3, 18])
(19120, [18])
(19127, [18])
(19133, [18])
(19135, [0, 3, 6, 10, 12, 13, 14, 15, 16, 17, 18])
(19136, [18])
(19137, [18])
(19141, [7, 18])
(19143, [1, 3, 4, 7, 10, 17, 18])
(19146, [18])
(19154, [7, 12, 17, 18])
(19156, [13, 18])
(19158, [0, 9, 17, 18])
(19161, [18])
(19162, [18])
(19163, [18])
(19164, [18])
(19165, [0, 3, 7, 10, 13, 14, 16, 18])
(19166, [18])
(19172, [7, 11, 18])
(19185, [15, 18])
(19192, [18])
(19195, [18])
(19198, [18])
(19200, [18])
(19201, [0, 11, 12, 13, 18])
(19202, [18])
(19205, [2, 6, 9, 18])
(19211, [18])
(19212, [18])
(19213, [11, 17, 18])
(19215, [0, 8, 17, 18])
(19216, [18])
(19217, [0, 1, 10, 18])
(19218, [18])
(19219, [18])
(19220, [0, 1, 8, 12, 13, 14, 16, 18])
(19222, [18])
(19224, [4, 18])
(19225, [3, 8, 14, 18])
(19226, [2, 9, 18])
(19227, [7, 10, 12, 18])
(19229, [18])
(19230, [16, 18])
(19232, [18])
(19234, [12, 18])
(19236, [3, 4, 5, 7, 17, 18])
(19241, [2, 6, 14, 18])
(19242, [18])
(19245, [18])
(19251, [0, 18])
(19252, [18])
(19256, [8, 9, 17, 18])
(19265, [18])
(19266, [18])
(19267, [18])
(19268, [0, 8, 10, 12, 13, 14, 17, 18])
(19278, [12, 18])
(19280, [0, 8, 10, 17, 18])
(19283, [4, 6, 11, 14, 17, 18])
(19286, [6, 18])
(19291, [0, 4, 11, 16, 18])
(19293, [0, 14, 17, 18])
(19297, [18])
(19298, [12, 18])
(19299, [1, 15, 18])
(19300, [18])
(19305, [2, 7, 18])
(19315, [15, 17, 18])
(19319, [0, 18])
(19324, [18])
(19325, [18])
(19327, [2, 4, 6, 7, 18])
(19330, [13, 18])
(19334, [18])
(19335, [0, 18])
(19339, [18])
(19346, [12, 18])
(19347, [18])
(19350, [0, 16, 18])
(19353, [18])
(19355, [18])
(19357, [18])
(19359, [0, 8, 15, 17, 18])
(19365, [3, 16, 18])
(19373, [18])
(19374, [1, 4, 13, 14, 18])
(19378, [18])
(19379, [2, 6, 18])
(19381, [0, 9, 18])
(19382, [18])
(19388, [18])
(19391, [18])
(19395, [18])
(19396, [12, 18])
(19398, [18])
(19401, [13, 18])
(19403, [18])
(19408, [5, 6, 12, 18])
(19418, [18])
(19419, [18])
(19422, [18])
(19425, [18])
(19427, [18])
(19428, [18])
(19431, [18])
(19434, [0, 3, 18])
(19436, [18])
(19448, [0, 4, 7, 15, 18])
(19449, [3, 11, 18])
(19451, [18])
(19456, [0, 1, 4, 6, 18])
(19459, [0, 8, 15, 17, 18])
(19460, [7, 18])
(19461, [18])
(19466, [18])
(19470, [0, 18])
(19473, [0, 13, 18])
(19478, [10, 18])
(19483, [18])
(19484, [18])
(19489, [12, 18])
(19492, [18])
(19493, [18])
(19494, [18])
(19495, [18])
(19504, [12, 18])
(19505, [18])
(19507, [5, 18])
(19509, [17, 18])
(19510, [18])
(19512, [0, 7, 10, 12, 15, 17, 18])
(19513, [0, 2, 3, 5, 7, 8, 11, 13, 14, 15, 17, 18])
(19516, [18])
(19519, [18])
(19521, [18])
(19525, [1, 8, 10, 14, 15, 18])
(19526, [18])
(19528, [0, 18])
(19529, [18])
(19530, [18])
(19532, [10, 17, 18])
(19533, [12, 18])
(19536, [1, 5, 6, 8, 14, 18])
(19537, [18])
(19538, [8, 10, 18])
(19539, [18])
(19542, [0, 1, 2, 3, 7, 10, 15, 18])
(19544, [18])
(19545, [0, 2, 11, 13, 16, 17, 18])
(19547, [18])
(19549, [18])
(19552, [1, 15, 18])
(19553, [18])
(19554, [18])
(19560, [6, 18])
(19563, [18])
(19564, [18])
(19573, [18])
(19575, [10, 11, 12, 18])
(19577, [8, 17, 18])
(19578, [10, 14, 17, 18])
(19579, [18])
(19585, [17, 18])
(19586, [18])
(19587, [18])
(19588, [18])
(19590, [0, 11, 15, 18])
(19593, [18])
(19594, [0, 10, 17, 18])
(19601, [1, 10, 17, 18])
(19607, [0, 1, 4, 7, 11, 12, 17, 18])
(19608, [18])
(19609, [18])
(19617, [0, 1, 9, 10, 15, 17, 18])
(19620, [18])
(19626, [3, 6, 16, 18])
(19628, [18])
(19629, [18])
(19633, [18])
(19635, [0, 18])
(19636, [3, 4, 6, 9, 10, 11, 12, 15, 16, 17, 18])
(19637, [17, 18])
(19641, [2, 18])
(19642, [8, 14, 17, 18])
(19650, [18])
(19652, [18])
(19654, [18])
(19658, [12, 16, 17, 18])
(19663, [18])
(19669, [0, 1, 4, 9, 10, 11, 13, 14, 15, 16, 17, 18])
(19670, [11, 14, 18])
(19674, [11, 12, 18])
(19677, [6, 18])
(19679, [4, 6, 7, 8, 9, 13, 14, 17, 18])
(19680, [18])
(19682, [12, 18])
(19688, [18])
(19692, [13, 16, 18])
(19696, [10, 11, 16, 17, 18])
(19700, [8, 18])
(19704, [7, 8, 10, 19])
(19706, [0, 19])
(19709, [2, 3, 7, 13, 14, 17, 19])
(19710, [2, 19])
(19711, [0, 5, 19])
(19719, [0, 11, 13, 14, 19])
(19728, [2, 14, 15, 17, 19])
(19732, [4, 19])
(19734, [13, 19])
(19739, [19])
(19740, [19])
(19753, [19])
(19755, [19])
(19759, [19])
(19760, [13, 16, 17, 19])
(19764, [19])
(19765, [19])
(19766, [10, 12, 17, 18, 19])
(19768, [5, 11, 18, 19])
(19771, [10, 19])
(19772, [19])
(19776, [3, 13, 14, 19])
(19778, [19])
(19780, [15, 19])
(19781, [13, 19])
(19782, [0, 3, 6, 7, 8, 13, 19])
(19784, [19])
(19788, [0, 5, 16, 19])
(19789, [0, 2, 8, 13, 15, 17, 19])
(19791, [19])
(19792, [10, 12, 15, 17, 19])
(19795, [9, 19])
(19797, [7, 14, 15, 16, 19])
(19798, [19])
(19800, [19])
(19801, [15, 18, 19])
(19802, [5, 19])
(19804, [19])
(19810, [5, 7, 10, 17, 19])
(19811, [1, 10, 15, 17, 19])
(19812, [0, 19])
(19816, [7, 19])
(19819, [19])
(19823, [0, 3, 19])
(19825, [0, 7, 14, 17, 19])
(19828, [0, 6, 18, 19])
(19829, [19])
(19831, [8, 12, 17, 19])
(19833, [19])
(19834, [19])
(19836, [19])
(19837, [4, 12, 19])
(19838, [19])
(19840, [19])
(19841, [6, 13, 17, 19])
(19843, [9, 10, 16, 17, 19])
(19845, [12, 19])
(19850, [17, 19])
(19854, [5, 19])
(19855, [19])
(19857, [5, 13, 19])
(19858, [0, 1, 3, 4, 6, 7, 9, 11, 12, 13, 14, 15, 17, 19])
(19859, [3, 12, 14, 19])
(19861, [19])
(19863, [0, 14, 19])
(19872, [19])
(19873, [19])
(19875, [0, 19])
(19879, [0, 5, 18, 19])
(19882, [19])
(19885, [3, 17, 19])
(19888, [19])
(19892, [19])
(19901, [19])
(19902, [10, 11, 19])
(19903, [4, 19])
(19906, [0, 3, 4, 16, 19])
(19907, [19])
(19910, [19])
(19911, [7, 19])
(19913, [0, 4, 19])
(19916, [19])
(19917, [19])
(19918, [19])
(19920, [2, 3, 9, 16, 17, 19])
(19922, [19])
(19923, [19])
(19924, [0, 2, 7, 12, 19])
(19927, [19])
(19928, [10, 11, 12, 19])
(19930, [19])
(19931, [15, 19])
(19932, [14, 19])
(19936, [5, 18, 19])
(19939, [19])
(19942, [17, 19])
(19943, [19])
(19944, [0, 10, 13, 19])
(19945, [10, 14, 17, 18, 19])
(19947, [0, 2, 4, 7, 8, 9, 13, 17, 18, 19])
(19949, [0, 5, 8, 9, 12, 14, 17, 19])
(19957, [16, 19])
(19963, [1, 8, 19])
(19969, [3, 5, 12, 16, 18, 19])
(19970, [19])
(19974, [1, 11, 12, 14, 15, 19])
(19976, [19])
(19979, [19])
(19980, [17, 18, 19])
(19982, [2, 13, 17, 19])
(19985, [19])
(19990, [19])
(19992, [2, 13, 14, 17, 19])
(19993, [9, 10, 19])
(20006, [17, 19])
(20008, [0, 1, 5, 9, 18, 19])
(20009, [0, 3, 8, 12, 18, 19])
(20010, [19])
(20012, [17, 19])
(20015, [7, 8, 9, 10, 11, 13, 19])
(20016, [19])
(20017, [19])
(20019, [2, 19])
(20020, [6, 19])
(20021, [19])
(20026, [12, 18, 19])
(20027, [19])
(20029, [17, 19])
(20037, [0, 2, 8, 11, 15, 16, 19])
(20040, [0, 2, 4, 5, 11, 12, 13, 14, 15, 18, 19])
(20041, [2, 3, 6, 10, 11, 16, 19])
(20045, [19])
(20048, [14, 17, 19])
(20050, [5, 6, 8, 19])
(20053, [0, 1, 17, 19])
(20055, [19])
(20056, [2, 9, 19])
(20057, [17, 19])
(20062, [4, 7, 19])
(20063, [10, 11, 16, 19])
(20065, [0, 1, 3, 14, 19])
(20069, [5, 19])
(20070, [0, 19])
(20074, [12, 19])
(20076, [0, 19])
(20077, [19])
(20086, [19])
(20090, [19])
(20093, [19])
(20097, [11, 19])
(20099, [1, 8, 9, 11, 12, 13, 17, 19])
(20102, [11, 16, 17, 19])
(20103, [14, 19])
(20108, [0, 1, 5, 10, 19])
(20109, [0, 7, 10, 18, 19])
(20110, [0, 6, 14, 15, 17, 19])
(20114, [19])
(20117, [19])
(20120, [0, 19])
(20121, [17, 19])
(20123, [19])
(20124, [6, 13, 17, 19])
(20127, [19])
(20131, [19])
(20132, [19])
(20137, [2, 10, 13, 17, 19])
(20140, [0, 1, 8, 15, 19])
(20142, [15, 17, 19])
(20144, [17, 19])
(20146, [19])
(20151, [0, 12, 18, 19])
(20152, [14, 18, 19])
(20161, [0, 19])
(20164, [18, 19])
(20165, [19])
(20166, [0, 1, 8, 13, 17, 19])
(20168, [7, 8, 9, 11, 12, 19])
(20169, [5, 6, 8, 15, 19])
(20171, [19])
(20172, [0, 19])
(20181, [10, 11, 19])
(20182, [1, 4, 19])
(20189, [19])
(20193, [0, 2, 3, 4, 7, 8, 14, 15, 17, 19])
(20195, [19])
(20196, [12, 19])
(20198, [19])
(20199, [15, 19])
(20200, [5, 9, 14, 17, 19])
(20207, [5, 11, 12, 18, 19])
(20208, [0, 19])
(20209, [12, 17, 19])
(20210, [19])
(20212, [8, 11, 17, 19])
(20215, [19])
(20217, [10, 13, 15, 19])
(20218, [0, 12, 19])
(20219, [6, 19])
(20220, [0, 3, 4, 14, 19])
(20224, [19])
(20225, [11, 19])
(20226, [19])
(20227, [19])
(20228, [7, 19])
(20231, [19])
(20233, [12, 19])
(20234, [19])
(20237, [0, 3, 5, 8, 9, 13, 16, 19])
(20246, [9, 16, 19])
(20247, [7, 16, 17, 19])
(20248, [15, 19])
(20249, [4, 19])
(20250, [19])
(20255, [0, 19])
(20256, [0, 17, 19])
(20257, [1, 4, 6, 11, 16, 17, 19])
(20260, [3, 19])
(20262, [0, 2, 5, 19])
(20264, [2, 5, 10, 11, 15, 17, 19])
(20267, [19])
(20273, [2, 16, 19])
(20278, [6, 11, 17, 19])
(20279, [19])
(20284, [7, 13, 15, 19])
(20287, [19])
(20288, [3, 17, 19])
(20289, [17, 19])
(20291, [6, 12, 19])
(20292, [0, 14, 19])
(20294, [19])
(20295, [19])
(20296, [19])
(20299, [12, 18, 19])
(20300, [17, 19])
(20304, [14, 15, 17, 19])
(20309, [0, 13, 15, 18, 19])
(20310, [0, 12, 19])
(20311, [0, 4, 12, 19])
(20314, [2, 19])
(20315, [19])
(20316, [19])
(20318, [0, 15, 19])
(20321, [19])
(20323, [19])
(20326, [0, 4, 7, 14, 19])
(20328, [6, 13, 15, 17, 19])
(20333, [19])
(20335, [19])
(20339, [19])
(20340, [18, 19])
(20348, [3, 8, 15, 19])
(20351, [18, 19])
(20352, [0, 6, 9, 19])
(20354, [19])
(20358, [1, 11, 13, 19])
(20359, [0, 1, 2, 6, 8, 10, 11, 17, 18, 19])
(20361, [19])
(20363, [19])
(20366, [18, 19])
(20368, [6, 19])
(20370, [8, 11, 17, 18, 19])
(20386, [4, 8, 18, 19])
(20388, [0, 3, 4, 5, 7, 19])
(20390, [2, 8, 19])
(20395, [19])
(20398, [0, 19])
(20400, [19])
(20401, [19])
(20412, [19])
(20413, [10, 19])
(20414, [15, 18, 19])
(20419, [19])
(20420, [0, 6, 19])
(20423, [4, 8, 14, 15, 17, 19])
(20426, [0, 15, 19])
(20431, [7, 15, 16, 19])
(20433, [0, 5, 12, 14, 19])
(20434, [19])
(20435, [19])
(20438, [10, 13, 19])
(20440, [19])
(20442, [4, 18, 19])
(20443, [0, 9, 13, 14, 15, 17, 19])
(20444, [0, 3, 16, 17, 19])
(20454, [1, 7, 8, 12, 13, 17, 19])
(20456, [19])
(20457, [0, 9, 19])
(20461, [19])
(20464, [0, 5, 10, 11, 12, 19])
(20467, [19])
(20468, [7, 14, 19])
(20469, [19])
(20470, [12, 18, 19])
(20476, [3, 5, 7, 10, 18, 19])
(20481, [19])
(20484, [0, 6, 10, 12, 17, 19])
(20485, [19])
(20486, [1, 3, 13, 14, 16, 19])
(20488, [7, 10, 18, 19])
(20490, [3, 8, 16, 17, 19])
(20492, [15, 19])
(20493, [19])
(20494, [3, 6, 8, 9, 10, 11, 15, 16, 17, 18, 19])
(20495, [19])
(20496, [0, 1, 6, 8, 9, 10, 13, 15, 17, 18, 19])
(20497, [18, 19])
(20500, [2, 4, 7, 11, 13, 16, 17, 18, 19])
(20502, [19])
(20508, [18, 19])
(20512, [19])
(20514, [19])
(20517, [19])
(20518, [2, 4, 19])
(20519, [19])
(20529, [19])
(20532, [1, 10, 11, 19])
(20538, [0, 14, 17, 19])
(20544, [7, 15, 19])
(20550, [19])
(20553, [10, 19])
(20558, [19])
(20563, [0, 19])
(20564, [16, 19])
(20565, [19])
(20566, [19])
(20570, [19])
(20574, [0, 2, 14, 19])
(20575, [0, 1, 2, 4, 7, 8, 12, 13, 14, 17, 19])
(20578, [19])
(20579, [19])
(20582, [5, 19])
(20583, [7, 16, 19])
(20584, [19])
(20586, [19])
(20587, [19])
(20589, [0, 1, 10, 12, 15, 17, 18, 19])
(20591, [12, 19])
(20594, [19])
(20595, [0, 8, 10, 13, 15, 19])
(20601, [19])
(20602, [19])
(20606, [19])
(20607, [19])
(20612, [19])
(20613, [19])
(20615, [0, 12, 14, 17, 18, 19])
(20616, [19])
(20619, [7, 8, 11, 15, 19])
(20621, [3, 11, 14, 19])
(20623, [0, 19])
(20625, [19])
(20626, [0, 2, 19])
(20627, [12, 19])
(20629, [0, 6, 17, 19])
(20631, [20])
(20636, [2, 3, 4, 8, 20])
(20641, [20])
(20648, [7, 15, 16, 17, 20])
(20651, [8, 9, 13, 14, 15, 17, 18, 20])
(20652, [20])
(20656, [0, 3, 4, 6, 7, 8, 12, 14, 20])
(20658, [20])
(20663, [20])
(20666, [20])
(20667, [13, 18, 20])
(20671, [2, 3, 15, 20])
(20675, [2, 11, 17, 20])
(20677, [0, 20])
(20679, [0, 20])
(20682, [3, 17, 20])
(20685, [12, 20])
(20690, [13, 19, 20])
(20693, [20])
(20694, [20])
(20697, [20])
(20703, [14, 17, 18, 20])
(20705, [0, 20])
(20706, [20])
(20707, [20])
(20709, [20])
(20712, [20])
(20714, [20])
(20718, [14, 20])
(20720, [20])
(20722, [20])
(20728, [20])
(20729, [4, 14, 15, 20])
(20730, [20])
(20732, [10, 20])
(20734, [14, 20])
(20735, [0, 17, 20])
(20737, [0, 3, 7, 8, 11, 20])
(20738, [5, 14, 20])
(20740, [8, 16, 17, 20])
(20745, [20])
(20746, [16, 17, 20])
(20747, [3, 7, 8, 16, 17, 20])
(20749, [20])
(20752, [17, 20])
(20758, [20])
(20760, [0, 1, 3, 5, 16, 20])
(20761, [0, 1, 12, 20])
(20764, [20])
(20765, [2, 3, 4, 5, 7, 11, 12, 13, 14, 17, 20])
(20774, [20])
(20780, [14, 20])
(20788, [2, 3, 4, 8, 11, 14, 15, 16, 20])
(20801, [5, 7, 8, 13, 20])
(20802, [20])
(20804, [4, 10, 20])
(20805, [9, 13, 20])
(20807, [20])
(20810, [20])
(20814, [12, 13, 14, 16, 20])
(20815, [2, 7, 15, 20])
(20825, [20])
(20826, [16, 20])
(20827, [3, 8, 17, 20])
(20831, [20])
(20832, [20])
(20835, [20])
(20837, [13, 16, 20])
(20840, [20])
(20844, [5, 15, 18, 20])
(20846, [8, 17, 20])
(20851, [2, 20])
(20853, [17, 20])
(20859, [13, 20])
(20862, [20])
(20873, [20])
(20881, [20])
(20882, [8, 20])
(20890, [20])
(20892, [16, 20])
(20893, [20])
(20895, [15, 20])
(20898, [16, 20])
(20902, [1, 8, 16, 17, 20])
(20905, [17, 20])
(20907, [15, 20])
(20908, [0, 10, 11, 17, 20])
(20910, [3, 20])
(20918, [20])
(20921, [19, 20])
(20922, [20])
(20923, [20])
(20924, [0, 20])
(20926, [3, 4, 11, 14, 20])
(20928, [19, 20])
(20930, [3, 20])
(20931, [0, 4, 7, 9, 20])
(20933, [0, 4, 7, 10, 12, 16, 19, 20])
(20935, [0, 4, 20])
(20937, [20])
(20939, [20])
(20940, [3, 20])
(20942, [20])
(20946, [8, 9, 13, 15, 16, 17, 20])
(20950, [7, 20])
(20951, [6, 14, 16, 19, 20])
(20954, [3, 20])
(20957, [20])
(20964, [14, 16, 20])
(20965, [0, 14, 17, 20])
(20966, [10, 14, 17, 20])
(20973, [20])
(20977, [17, 20])
(20978, [17, 20])
(20981, [20])
(20982, [7, 12, 20])
(20983, [0, 15, 20])
(20986, [20])
(20988, [20])
(20991, [20])
(20992, [20])
(20995, [0, 5, 11, 17, 20])
(20997, [20])
(21002, [9, 20])
(21003, [4, 5, 7, 8, 12, 20])
(21005, [17, 18, 20])
(21008, [0, 1, 15, 20])
(21009, [20])
(21015, [18, 20])
(21020, [0, 2, 4, 15, 16, 20])
(21023, [0, 20])
(21025, [0, 8, 14, 19, 20])
(21027, [0, 20])
(21031, [20])
(21033, [20])
(21034, [1, 17, 20])
(21036, [20])
(21040, [20])
(21041, [20])
(21045, [14, 20])
(21047, [20])
(21052, [20])
(21054, [0, 8, 14, 15, 17, 20])
(21060, [20])
(21064, [20])
(21065, [7, 9, 10, 20])
(21070, [10, 14, 20])
(21071, [20])
(21072, [20])
(21074, [5, 19, 20])
(21076, [0, 8, 15, 16, 20])
(21078, [14, 20])
(21081, [9, 20])
(21083, [20])
(21084, [20])
(21086, [14, 16, 17, 19, 20])
(21087, [12, 17, 20])
(21093, [2, 8, 10, 13, 14, 16, 19, 20])
(21094, [20])
(21097, [20])
(21101, [12, 17, 20])
(21103, [3, 20])
(21104, [0, 2, 6, 8, 14, 15, 17, 19, 20])
(21106, [20])
(21112, [20])
(21115, [20])
(21117, [3, 20])
(21119, [14, 19, 20])
(21129, [7, 8, 14, 17, 20])
(21133, [20])
(21135, [0, 2, 4, 5, 10, 13, 16, 17, 18, 19, 20])
(21136, [0, 11, 16, 17, 20])
(21140, [10, 13, 15, 20])
(21142, [1, 20])
(21143, [20])
(21144, [20])
(21145, [0, 3, 8, 9, 13, 17, 20])
(21146, [8, 20])
(21147, [2, 20])
(21150, [5, 20])
(21151, [8, 13, 20])
(21158, [20])
(21159, [5, 17, 20])
(21161, [3, 10, 12, 15, 17, 20])
(21162, [20])
(21163, [1, 7, 14, 20])
(21165, [14, 20])
(21166, [10, 20])
(21170, [20])
(21172, [20])
(21174, [16, 20])
(21177, [0, 8, 17, 19, 20])
(21180, [20])
(21181, [14, 20])
(21193, [7, 20])
(21194, [9, 10, 11, 19, 20])
(21196, [0, 7, 14, 20])
(21199, [20])
(21205, [20])
(21206, [16, 20])
(21210, [20])
(21213, [20])
(21214, [10, 20])
(21218, [8, 11, 13, 20])
(21219, [2, 4, 8, 17, 20])
(21222, [8, 20])
(21225, [20])
(21226, [17, 20])
(21233, [20])
(21235, [5, 7, 20])
(21236, [8, 20])
(21238, [20])
(21240, [20])
(21244, [0, 18, 20])
(21248, [0, 1, 2, 4, 8, 9, 11, 17, 18, 20])
(21252, [0, 11, 20])
(21254, [7, 20])
(21255, [0, 1, 3, 6, 9, 10, 11, 14, 16, 17, 18, 19, 20])
(21259, [8, 10, 14, 20])
(21260, [0, 2, 7, 11, 14, 16, 17, 20])
(21266, [20])
(21267, [20])
(21269, [0, 3, 7, 10, 14, 20])
(21272, [20])
(21275, [3, 20])
(21279, [6, 12, 16, 17, 20])
(21285, [15, 17, 20])
(21286, [0, 20])
(21287, [3, 20])
(21291, [0, 20])
(21295, [20])
(21297, [20])
(21298, [20])
(21299, [20])
(21300, [0, 1, 2, 4, 5, 6, 7, 13, 14, 15, 17, 18, 20])
(21302, [1, 20])
(21303, [3, 7, 8, 9, 10, 17, 20])
(21310, [20])
(21320, [19, 20])
(21321, [3, 4, 9, 13, 15, 16, 17, 20])
(21322, [8, 12, 20])
(21324, [7, 13, 14, 15, 17, 20])
(21325, [20])
(21326, [5, 20])
(21327, [0, 17, 20])
(21328, [16, 20])
(21331, [3, 4, 7, 8, 9, 11, 13, 17, 19, 20])
(21333, [0, 8, 9, 20])
(21336, [20])
(21337, [17, 20])
(21339, [20])
(21342, [15, 20])
(21343, [3, 4, 10, 12, 20])
(21345, [20])
(21346, [8, 14, 20])
(21353, [2, 10, 20])
(21357, [20])
(21361, [10, 20])
(21364, [3, 20])
(21366, [4, 20])
(21368, [16, 19, 20])
(21369, [5, 7, 17, 18, 20])
(21372, [7, 11, 17, 20])
(21373, [20])
(21379, [20])
(21380, [2, 3, 7, 8, 10, 12, 13, 15, 16, 17, 19, 20])
(21394, [20])
(21398, [0, 5, 13, 19, 20])
(21399, [5, 8, 14, 16, 17, 20])
(21406, [20])
(21409, [0, 20])
(21410, [18, 20])
(21416, [17, 20])
(21418, [3, 17, 19, 20])
(21420, [20])
(21423, [20])
(21425, [3, 7, 8, 11, 13, 15, 17, 20])
(21427, [20])
(21428, [20])
(21432, [2, 18, 20])
(21441, [0, 7, 13, 17, 18, 20])
(21445, [20])
(21448, [6, 11, 12, 15, 20])
(21449, [0, 17, 20])
(21451, [0, 10, 14, 17, 20])
(21452, [18, 20])
(21457, [2, 3, 8, 10, 13, 16, 20])
(21460, [20])
(21463, [20])
(21465, [20])
(21467, [20])
(21472, [3, 5, 9, 11, 17, 20])
(21480, [1, 11, 13, 17, 18, 20])
(21481, [7, 17, 20])
(21483, [2, 20])
(21485, [5, 15, 20])
(21489, [5, 20])
(21496, [20])
(21497, [15, 18, 20])
(21498, [0, 8, 19, 20])
(21499, [2, 8, 20])
(21502, [20])
(21504, [0, 1, 3, 4, 8, 15, 16, 20])
(21505, [7, 20])
(21510, [5, 21])
(21512, [6, 7, 10, 11, 15, 17, 19, 21])
(21513, [1, 17, 21])
(21518, [0, 1, 2, 4, 5, 7, 8, 9, 10, 11, 12, 13, 14, 15, 17, 18, 19, 21])
(21519, [15, 21])
(21520, [21])
(21521, [21])
(21523, [12, 21])
(21526, [21])
(21527, [11, 21])
(21531, [21])
(21534, [0, 3, 4, 5, 12, 17, 18, 19, 21])
(21536, [1, 3, 4, 8, 21])
(21537, [0, 8, 16, 17, 21])
(21539, [21])
(21540, [1, 21])
(21541, [21])
(21544, [2, 3, 21])
(21545, [3, 13, 21])
(21546, [21])
(21548, [0, 8, 9, 13, 20, 21])
(21549, [0, 21])
(21551, [18, 19, 21])
(21553, [3, 6, 13, 14, 18, 20, 21])
(21558, [17, 21])
(21559, [21])
(21560, [21])
(21561, [0, 21])
(21567, [21])
(21569, [7, 17, 20, 21])
(21570, [21])
(21574, [2, 7, 13, 14, 15, 16, 17, 19, 21])
(21576, [21])
(21579, [21])
(21580, [21])
(21584, [21])
(21585, [0, 1, 5, 6, 8, 11, 13, 14, 21])
(21587, [8, 21])
(21589, [0, 1, 21])
(21592, [19, 21])
(21595, [3, 13, 17, 21])
(21596, [21])
(21597, [0, 2, 3, 4, 5, 6, 7, 8, 9, 10, 13, 14, 15, 16, 17, 19, 21])
(21599, [7, 11, 13, 18, 19, 21])
(21600, [2, 3, 11, 14, 17, 21])
(21602, [4, 11, 15, 21])
(21603, [1, 18, 21])
(21606, [3, 6, 11, 14, 20, 21])
(21608, [21])
(21609, [21])
(21610, [21])
(21617, [21])
(21619, [1, 11, 21])
(21621, [21])
(21622, [18, 19, 21])
(21623, [8, 21])
(21624, [21])
(21627, [21])
(21628, [21])
(21629, [7, 21])
(21631, [11, 15, 16, 17, 21])
(21633, [0, 7, 9, 10, 13, 17, 18, 21])
(21634, [2, 5, 15, 21])
(21636, [10, 21])
(21640, [21])
(21642, [21])
(21646, [0, 18, 19, 21])
(21647, [0, 6, 7, 8, 14, 15, 16, 17, 21])
(21648, [21])
(21649, [1, 15, 21])
(21653, [21])
(21654, [1, 3, 5, 21])
(21655, [20, 21])
(21664, [21])
(21665, [12, 21])
(21666, [0, 6, 7, 11, 14, 15, 17, 21])
(21668, [20, 21])
(21672, [8, 16, 20, 21])
(21675, [2, 11, 12, 18, 19, 21])
(21676, [21])
(21680, [9, 13, 15, 18, 19, 20, 21])
(21681, [21])
(21682, [0, 2, 5, 7, 8, 16, 17, 19, 21])
(21683, [0, 17, 18, 19, 21])
(21688, [14, 21])
(21691, [21])
(21692, [10, 21])
(21693, [0, 14, 15, 21])
(21694, [0, 21])
(21697, [0, 3, 4, 5, 7, 11, 14, 15, 17, 18, 19, 21])
(21700, [0, 11, 17, 21])
(21701, [11, 18, 21])
(21702, [21])
(21705, [21])
(21706, [1, 3, 5, 7, 8, 11, 13, 16, 17, 18, 20, 21])
(21707, [0, 10, 21])
(21710, [0, 1, 3, 6, 10, 11, 12, 14, 16, 18, 21])
(21711, [0, 7, 18, 21])
(21712, [0, 3, 5, 6, 11, 13, 14, 17, 18, 19, 21])
(21713, [0, 12, 21])
(21715, [0, 1, 2, 4, 6, 9, 11, 14, 15, 17, 18, 20, 21])
(21716, [1, 6, 21])
(21719, [21])
(21723, [21])
(21724, [0, 15, 17, 18, 19, 21])
(21725, [12, 21])
(21726, [21])
(21728, [17, 21])
(21730, [3, 4, 5, 10, 15, 17, 20, 21])
(21735, [1, 15, 21])
(21737, [21])
(21738, [17, 18, 21])
(21740, [17, 21])
(21742, [9, 20, 21])
(21744, [0, 1, 2, 17, 18, 19, 21])
(21745, [3, 4, 7, 17, 21])
(21746, [12, 15, 19, 21])
(21749, [21])
(21755, [21])
(21756, [2, 12, 21])
(21757, [21])
(21758, [12, 17, 18, 19, 21])
(21759, [4, 10, 14, 21])
(21763, [2, 3, 8, 11, 13, 14, 15, 18, 21])
(21764, [0, 7, 10, 11, 12, 18, 19, 20, 21])
(21768, [8, 21])
(21770, [21])
(21771, [0, 21])
(21775, [2, 17, 21])
(21776, [21])
(21777, [0, 12, 20, 21])
(21780, [8, 19, 21])
(21782, [21])
(21784, [0, 4, 8, 17, 19, 20, 21])
(21789, [18, 19, 21])
(21795, [21])
(21798, [0, 1, 4, 5, 7, 10, 11, 12, 13, 16, 17, 18, 19, 21])
(21799, [0, 1, 6, 10, 15, 21])
(21800, [8, 21])
(21802, [0, 21])
(21805, [21])
(21808, [21])
(21809, [1, 14, 16, 20, 21])
(21812, [0, 3, 4, 6, 7, 12, 15, 20, 21])
(21813, [21])
(21815, [20, 21])
(21823, [3, 15, 21])
(21825, [0, 21])
(21830, [0, 7, 10, 17, 19, 21])
(21831, [15, 21])
(21832, [5, 21])
(21833, [21])
(21840, [21])
(21843, [14, 17, 21])
(21849, [2, 10, 13, 17, 18, 21])
(21850, [3, 5, 9, 10, 12, 15, 21])
(21856, [7, 10, 11, 15, 19, 21])
(21857, [13, 21])
(21858, [21])
(21859, [21])
(21860, [0, 1, 10, 12, 14, 18, 20, 21])
(21861, [21])
(21862, [1, 2, 8, 10, 15, 17, 21])
(21863, [0, 4, 7, 13, 21])
(21864, [0, 1, 2, 3, 4, 7, 9, 10, 11, 13, 14, 15, 17, 18, 19, 20, 21])
(21865, [0, 1, 3, 9, 10, 11, 12, 13, 16, 17, 19, 21])
(21867, [21])
(21869, [0, 1, 4, 5, 9, 11, 14, 17, 21])
(21872, [3, 4, 5, 6, 7, 8, 12, 14, 20, 21])
(21875, [7, 21])
(21877, [1, 3, 4, 5, 7, 8, 9, 13, 14, 17, 18, 20, 21])
(21881, [4, 5, 21])
(21882, [0, 1, 3, 19, 21])
(21883, [17, 21])
(21884, [6, 11, 17, 21])
(21885, [6, 9, 18, 21])
(21886, [2, 8, 11, 15, 21])
(21887, [0, 4, 5, 7, 13, 17, 21])
(21890, [17, 21])
(21891, [21])
(21892, [21])
(21894, [6, 10, 21])
(21895, [10, 11, 13, 19, 21])
(21902, [0, 3, 4, 6, 7, 8, 10, 14, 16, 17, 18, 21])
(21903, [5, 15, 21])
(21907, [0, 17, 21])
(21908, [19, 21])
(21912, [12, 16, 18, 21])
(21913, [5, 7, 21])
(21915, [21])
(21917, [0, 12, 13, 17, 21])
(21918, [11, 19, 21])
(21919, [3, 10, 14, 15, 18, 19, 21])
(21921, [0, 11, 21])
(21926, [2, 3, 5, 9, 11, 21])
(21928, [0, 21])
(21929, [0, 12, 16, 18, 20, 21])
(21930, [21])
(21933, [5, 8, 10, 17, 21])
(21934, [0, 3, 4, 7, 8, 17, 18, 21])
(21935, [21])
(21936, [0, 7, 9, 10, 11, 13, 14, 17, 19, 21])
(21938, [21])
(21944, [21])
(21947, [2, 10, 21])
(21948, [21])
(21953, [21])
(21954, [21])
(21957, [1, 14, 19, 21])
(21958, [10, 14, 15, 21])
(21960, [21])
(21961, [17, 21])
(21963, [14, 15, 18, 21])
(21967, [0, 5, 6, 10, 11, 17, 19, 20, 21])
(21968, [1, 3, 5, 16, 17, 20, 21])
(21969, [21])
(21973, [4, 10, 21])
(21974, [21])
(21975, [21])
(21977, [21])
(21979, [0, 8, 9, 10, 12, 13, 15, 16, 17, 19, 20, 21])
(21980, [0, 1, 4, 7, 14, 17, 21])
(21982, [21])
(21985, [0, 1, 15, 20, 21])
(21986, [11, 12, 20, 21])
(21988, [21])
(21989, [5, 10, 11, 15, 21])
(21991, [18, 21])
(21992, [0, 10, 18, 21])
(21994, [0, 12, 18, 19, 21])
(22000, [21])
(22003, [0, 1, 18, 19, 21])
(22009, [7, 11, 16, 18, 21])
(22011, [12, 18, 19, 21])
(22013, [21])
(22015, [0, 2, 9, 17, 19, 20, 21])
(22016, [11, 21])
(22019, [21])
(22022, [0, 3, 4, 14, 19, 20, 21])
(22023, [21])
(22028, [19, 21])
(22029, [13, 21])
(22032, [2, 11, 13, 18, 21])
(22036, [4, 12, 17, 18, 19, 21])
(22038, [21])
(22039, [21])
(22041, [12, 18, 19, 21])
(22042, [0, 15, 18, 21])
(22043, [21])
(22045, [1, 18, 19, 21])
(22048, [0, 11, 15, 16, 21])
(22049, [21])
(22050, [20, 21])
(22051, [14, 17, 19, 21])
(22052, [21])
(22055, [8, 18, 21])
(22056, [15, 21])
(22057, [1, 5, 16, 21])
(22059, [4, 7, 21])
(22060, [21])
(22061, [9, 21])
(22062, [21])
(22063, [21])
(22064, [7, 19, 21])
(22065, [1, 21])
(22067, [10, 13, 21])
(22068, [21])
(22069, [4, 17, 19, 21])
(22073, [21])
(22074, [0, 6, 21])
(22075, [7, 12, 15, 21])
(22076, [7, 21])
(22077, [21])
(22078, [4, 20, 21])
(22079, [21])
(22081, [0, 7, 17, 19, 21])
(22082, [0, 1, 15, 21])
(22087, [8, 21])
(22088, [0, 1, 4, 7, 11, 13, 16, 21])
(22089, [0, 1, 21])
(22091, [4, 21])
(22093, [0, 21])
(22096, [13, 21])
(22103, [0, 7, 17, 21])
(22104, [0, 1, 2, 8, 14, 18, 21])
(22105, [0, 3, 4, 5, 7, 8, 9, 17, 21])
(22109, [0, 15, 17, 21])
(22111, [4, 7, 8, 9, 11, 13, 17, 18, 19, 21])
(22113, [21])
(22118, [4, 6, 21])
(22119, [21])
(22120, [21])
(22122, [8, 21])
(22126, [10, 18, 19, 21])
(22128, [21])
(22129, [18, 21])
(22130, [0, 21])
(22134, [3, 16, 21])
(22140, [21])
(22142, [21])
(22143, [21])
(22145, [21])
(22147, [21])
(22149, [12, 21])
(22151, [21])
(22152, [0, 1, 6, 21])
(22155, [8, 15, 21])
(22156, [7, 12, 14, 17, 18, 21])
(22158, [21])
(22159, [21])
(22160, [10, 21])
(22163, [13, 21])
(22165, [12, 18, 21])
(22166, [21])
(22168, [0, 2, 4, 7, 12, 15, 17, 20, 21])
(22169, [13, 21])
(22170, [21])
(22175, [21])
(22180, [0, 1, 8, 21])
(22181, [1, 6, 21])
(22183, [21])
(22184, [21])
(22186, [0, 7, 15, 21])
(22188, [8, 21])
(22189, [21])
(22190, [21])
(22192, [21])
(22194, [10, 13, 14, 17, 21])
(22195, [0, 7, 13, 17, 21])
(22197, [8, 21])
(22202, [0, 17, 18, 21])
(22204, [0, 2, 3, 4, 10, 13, 14, 17, 19, 20, 21])
(22209, [2, 4, 7, 13, 17, 21])
(22210, [15, 20, 21])
(22211, [1, 2, 10, 11, 13, 15, 17, 21])
(22214, [2, 8, 9, 16, 21])
(22215, [11, 21])
(22217, [21])
(22219, [18, 21])
(22220, [0, 12, 14, 16, 21])
(22222, [21])
(22223, [1, 7, 13, 21])
(22227, [11, 21])
(22228, [21])
(22230, [1, 8, 14, 15, 16, 17, 21])
(22234, [8, 18, 19, 21])
(22238, [21])
(22239, [0, 8, 19, 21])
(22241, [21])
(22242, [21])
(22243, [0, 7, 11, 14, 18, 19, 21])
(22245, [8, 21])
(22249, [1, 6, 21])
(22253, [12, 18, 19, 21])
(22257, [1, 2, 4, 7, 10, 13, 14, 21])
(22258, [21])
(22259, [17, 21])
(22260, [10, 21])
(22261, [0, 1, 15, 16, 21])
(22264, [0, 2, 3, 7, 11, 13, 14, 17, 18, 21])
(22266, [21])
(22268, [2, 3, 7, 10, 13, 14, 21])
(22269, [6, 21])
(22270, [21])
(22271, [0, 3, 6, 9, 10, 11, 12, 21])
(22274, [21])
(22276, [0, 21])
(22277, [5, 6, 10, 13, 17, 21])
(22278, [21])
(22281, [13, 14, 21])
(22287, [3, 13, 17, 21])
(22288, [21])
(22290, [21])
(22292, [21])
(22294, [17, 21])
(22296, [21])
(22297, [18, 19, 21])
(22298, [3, 12, 14, 21])
(22299, [11, 17, 21])
(22300, [5, 7, 15, 21])
(22304, [21])
(22306, [4, 5, 21])
(22307, [21])
(22308, [1, 21])
(22309, [21])
(22313, [21])
(22314, [13, 17, 21])
(22316, [10, 19, 21])
(22319, [0, 10, 11, 13, 17, 21])
(22321, [21])
(22326, [19, 21])
(22327, [21])
(22328, [0, 6, 21])
(22329, [21])
(22331, [21])
(22333, [10, 21])
(22335, [0, 21])
(22336, [21])
(22337, [21])
(22339, [21])
(22340, [21])
(22341, [21])
(22345, [0, 7, 10, 12, 15, 19, 20, 21])
(22348, [21])
(22354, [7, 21])
(22355, [21])
(22356, [0, 8, 21])
(22357, [2, 7, 13, 21])
(22363, [0, 1, 6, 14, 15, 16, 18, 20, 21])
(22364, [1, 6, 16, 21])
(22365, [17, 21])
(22366, [0, 7, 10, 11, 12, 14, 16, 17, 19, 21])
(22369, [15, 18, 21])
(22373, [21])
(22375, [2, 21])
(22376, [21])
(22377, [0, 3, 6, 7, 8, 10, 11, 12, 15, 20, 21])
(22378, [21])
(22381, [12, 16, 19, 21])
(22388, [5, 12, 18, 21])
(22392, [0, 2, 10, 11, 14, 16, 17, 19, 21])
(22393, [21])
(22394, [13, 17, 20, 21])
(22395, [0, 2, 3, 4, 8, 11, 21])
(22400, [5, 16, 21])
(22401, [11, 17, 21])
(22403, [21])
(22405, [6, 8, 18, 21])
(22408, [21])
(22410, [3, 5, 21])
(22415, [5, 6, 11, 15, 16, 21])
(22423, [21])
(22426, [21])
(22427, [0, 10, 17, 20, 21])
(22428, [11, 21])
(22429, [21])
(22431, [21])
(22432, [16, 17, 21])
(22435, [9, 11, 21])
(22436, [21])
(22439, [21])
(22442, [1, 4, 6, 7, 9, 15, 18, 19, 21])
(22444, [10, 11, 13, 18, 19, 20, 21])
(22448, [18, 21])
(22451, [11, 21])
(22452, [21])
(22453, [4, 21])
(22454, [7, 18, 21])
(22458, [21])
(22459, [14, 20, 21])
(22462, [11, 21])
(22465, [11, 13, 17, 19, 20, 21])
(22466, [21])
(22468, [21])
(22471, [1, 21])
(22472, [21])
(22473, [0, 1, 3, 4, 5, 6, 7, 8, 12, 14, 16, 18, 19, 21])
(22474, [10, 13, 14, 15, 17, 21])
(22476, [21])
(22477, [12, 16, 19, 21])
(22478, [0, 9, 13, 17, 21])
(22481, [0, 1, 5, 6, 7, 10, 11, 12, 16, 17, 18, 21])
(22482, [21])
(22483, [21])
(22489, [18, 21])
(22490, [0, 5, 7, 13, 17, 21])
(22492, [6, 8, 11, 14, 17, 18, 21])
(22493, [21])
(22496, [14, 20, 21])
(22497, [0, 11, 12, 21])
(22498, [21])
(22499, [11, 21])
(22501, [21])
(22505, [19, 21])
(22506, [17, 21])
(22507, [10, 12, 20, 21])
(22508, [0, 3, 11, 14, 21])
(22510, [21])
(22511, [21])
(22514, [21])
(22518, [21])
(22519, [7, 17, 21])
(22520, [21])
(22523, [1, 21])
(22524, [5, 6, 7, 12, 15, 18, 21])
(22525, [2, 21])
(22526, [0, 12, 15, 18, 19, 21])
(22527, [0, 17, 19, 22])
(22529, [22])
(22532, [0, 7, 9, 12, 14, 15, 17, 22])
(22536, [8, 9, 13, 14, 16, 20, 22])
(22539, [0, 8, 11, 13, 16, 22])
(22542, [22])
(22543, [16, 22])
(22548, [22])
(22552, [5, 6, 7, 15, 19, 22])
(22553, [14, 22])
(22555, [22])
(22556, [7, 11, 14, 15, 16, 17, 19, 21, 22])
(22560, [0, 13, 15, 22])
(22561, [22])
(22562, [22])
(22567, [2, 3, 4, 11, 13, 14, 16, 20, 22])
(22568, [0, 21, 22])
(22569, [0, 3, 4, 5, 6, 15, 17, 19, 22])
(22571, [10, 13, 14, 20, 22])
(22572, [22])
(22575, [2, 22])
(22576, [1, 8, 11, 14, 15, 16, 20, 22])
(22577, [11, 22])
(22578, [0, 22])
(22580, [22])
(22582, [2, 3, 4, 7, 8, 10, 14, 19, 22])
(22583, [7, 22])
(22584, [5, 6, 13, 17, 22])
(22586, [0, 2, 17, 18, 19, 20, 22])
(22587, [3, 4, 10, 14, 17, 18, 21, 22])
(22589, [7, 22])
(22595, [0, 22])
(22596, [14, 22])
(22598, [20, 22])
(22600, [0, 1, 2, 5, 11, 12, 15, 18, 21, 22])
(22602, [0, 3, 22])
(22604, [3, 6, 15, 22])
(22605, [0, 1, 2, 10, 21, 22])
(22606, [3, 19, 21, 22])
(22609, [22])
(22610, [0, 2, 5, 7, 10, 12, 16, 17, 19, 22])
(22616, [0, 7, 10, 13, 14, 20, 22])
(22617, [13, 16, 17, 22])
(22619, [22])
(22622, [22])
(22624, [8, 9, 11, 12, 22])
(22625, [0, 19, 22])
(22627, [0, 14, 17, 19, 22])
(22628, [22])
(22629, [0, 3, 17, 19, 22])
(22630, [1, 3, 4, 5, 6, 7, 8, 10, 11, 16, 17, 22])
(22632, [0, 2, 7, 8, 9, 17, 18, 22])
(22634, [11, 17, 22])
(22635, [0, 2, 3, 4, 5, 10, 14, 15, 18, 21, 22])
(22636, [0, 4, 7, 11, 14, 16, 17, 22])
(22638, [3, 6, 11, 12, 22])
(22642, [0, 7, 20, 22])
(22643, [22])
(22644, [18, 22])
(22647, [22])
(22649, [22])
(22651, [0, 1, 3, 6, 7, 8, 9, 10, 11, 12, 13, 15, 18, 19, 20, 21, 22])
(22653, [7, 11, 12, 13, 14, 17, 20, 22])
(22654, [22])
(22656, [3, 4, 5, 9, 11, 20, 21, 22])
(22658, [11, 22])
(22659, [1, 12, 13, 14, 22])
(22660, [8, 17, 22])
(22666, [0, 2, 17, 22])
(22668, [7, 22])
(22671, [22])
(22674, [8, 22])
(22675, [22])
(22676, [1, 5, 10, 13, 15, 19, 20, 22])
(22680, [3, 7, 22])
(22681, [0, 1, 3, 5, 7, 8, 10, 11, 12, 13, 14, 15, 16, 17, 18, 19, 21, 22])
(22682, [9, 22])
(22683, [12, 22])
(22685, [20, 22])
(22686, [5, 19, 21, 22])
(22692, [17, 22])
(22693, [15, 17, 22])
(22694, [22])
(22698, [7, 22])
(22699, [15, 22])
(22700, [0, 2, 3, 4, 5, 16, 21, 22])
(22701, [0, 5, 13, 14, 15, 17, 20, 21, 22])
(22703, [8, 22])
(22705, [9, 21, 22])
(22706, [0, 2, 3, 4, 6, 7, 10, 12, 15, 17, 18, 20, 22])
(22708, [9, 10, 15, 22])
(22709, [22])
(22710, [22])
(22712, [0, 3, 4, 8, 13, 16, 18, 20, 22])
(22713, [22])
(22715, [2, 6, 12, 17, 20, 22])
(22718, [22])
(22723, [8, 10, 15, 16, 17, 22])
(22724, [0, 4, 8, 12, 14, 15, 19, 21, 22])
(22726, [1, 22])
(22730, [6, 10, 11, 15, 16, 17, 18, 19, 22])
(22732, [22])
(22733, [10, 17, 19, 22])
(22735, [12, 22])
(22736, [22])
(22737, [3, 22])
(22738, [0, 9, 12, 16, 17, 19, 21, 22])
(22739, [0, 18, 21, 22])
(22740, [0, 16, 22])
(22745, [16, 22])
(22746, [22])
(22747, [0, 17, 22])
(22750, [7, 22])
(22752, [1, 22])
(22756, [3, 19, 22])
(22757, [2, 11, 13, 17, 20, 22])
(22759, [3, 5, 21, 22])
(22762, [22])
(22766, [15, 16, 22])
(22769, [0, 1, 5, 9, 12, 14, 15, 17, 19, 22])
(22771, [13, 14, 16, 22])
(22773, [22])
(22775, [2, 8, 16, 22])
(22776, [2, 4, 7, 12, 22])
(22780, [22])
(22782, [0, 2, 7, 10, 11, 13, 14, 15, 17, 18, 19, 20, 21, 22])
(22783, [22])
(22784, [17, 22])
(22787, [8, 10, 11, 13, 15, 17, 22])
(22788, [10, 22])
(22789, [16, 22])
(22791, [22])
(22793, [22])
(22795, [16, 22])
(22799, [8, 19, 22])
(22801, [22])
(22802, [22])
(22803, [13, 17, 22])
(22804, [0, 3, 7, 11, 14, 22])
(22805, [0, 1, 3, 8, 11, 13, 14, 17, 18, 22])
(22807, [13, 17, 18, 19, 21, 22])
(22809, [22])
(22810, [17, 22])
(22812, [10, 11, 18, 22])
(22814, [7, 11, 14, 16, 17, 22])
(22815, [9, 11, 13, 17, 22])
(22817, [0, 2, 12, 16, 22])
(22818, [0, 6, 8, 16, 22])
(22819, [3, 4, 7, 9, 17, 19, 20, 22])
(22823, [7, 14, 22])
(22824, [0, 4, 9, 13, 14, 17, 18, 20, 22])
(22825, [3, 13, 15, 22])
(22827, [6, 7, 10, 19, 22])
(22832, [8, 14, 17, 22])
(22834, [0, 2, 5, 7, 17, 19, 22])
(22835, [0, 11, 13, 14, 15, 17, 20, 21, 22])
(22839, [0, 16, 17, 18, 20, 22])
(22840, [0, 17, 22])
(22841, [22])
(22842, [0, 1, 3, 4, 5, 7, 8, 9, 10, 11, 12, 13, 14, 15, 16, 17, 18, 20, 21, 22])
(22844, [14, 22])
(22847, [0, 13, 14, 15, 22])
(22849, [22])
(22851, [8, 12, 22])
(22852, [0, 22])
(22853, [6, 17, 19, 22])
(22854, [0, 1, 6, 8, 10, 11, 13, 14, 16, 17, 18, 19, 21, 22])
(22856, [0, 4, 8, 10, 22])
(22857, [0, 3, 4, 14, 17, 22])
(22860, [22])
(22861, [0, 2, 3, 8, 20, 22])
(22865, [8, 12, 15, 22])
(22867, [22])
(22870, [5, 7, 10, 14, 21, 22])
(22871, [2, 3, 5, 11, 13, 14, 16, 17, 18, 20, 22])
(22873, [3, 22])
(22874, [0, 11, 20, 22])
(22876, [8, 12, 22])
(22878, [3, 7, 10, 22])
(22879, [22])
(22881, [0, 13, 15, 17, 19, 20, 22])
(22882, [0, 2, 3, 8, 11, 13, 15, 17, 18, 19, 22])
(22884, [15, 17, 21, 22])
(22885, [3, 5, 8, 13, 14, 15, 19, 20, 21, 22])
(22886, [0, 19, 22])
(22888, [0, 16, 22])
(22890, [17, 22])
(22893, [0, 2, 4, 8, 10, 14, 15, 21, 22])
(22894, [0, 2, 7, 11, 22])
(22895, [22])
(22897, [22])
(22898, [2, 13, 22])
(22899, [0, 3, 11, 12, 13, 17, 18, 19, 20, 21, 22])
(22900, [0, 2, 8, 13, 15, 17, 20, 21, 22])
(22901, [22])
(22902, [1, 5, 15, 20, 22])
(22903, [2, 12, 15, 18, 21, 22])
(22911, [22])
(22912, [22])
(22913, [22])
(22915, [3, 4, 7, 8, 9, 10, 14, 16, 17, 20, 22])
(22918, [22])
(22919, [17, 22])
(22921, [2, 16, 17, 22])
(22923, [0, 1, 2, 3, 4, 7, 11, 12, 13, 14, 15, 16, 17, 19, 20, 22])
(22924, [22])
(22925, [0, 1, 2, 3, 4, 5, 9, 11, 12, 14, 15, 16, 18, 20, 22])
(22930, [22])
(22931, [6, 10, 12, 13, 17, 19, 22])
(22934, [1, 2, 6, 7, 10, 12, 17, 19, 22])
(22935, [22])
(22939, [11, 13, 20, 22])
(22940, [0, 2, 3, 8, 11, 22])
(22941, [0, 5, 6, 12, 17, 20, 22])
(22945, [22])
(22947, [7, 9, 15, 21, 22])
(22948, [2, 3, 7, 11, 12, 14, 15, 22])
(22949, [12, 14, 17, 22])
(22950, [1, 2, 5, 7, 10, 14, 17, 20, 22])
(22951, [7, 9, 11, 19, 22])
(22953, [0, 3, 13, 14, 16, 20, 21, 22])
(22954, [8, 11, 21, 22])
(22955, [2, 22])
(22956, [5, 16, 19, 20, 22])
(22958, [0, 12, 15, 19, 21, 22])
(22960, [0, 13, 14, 17, 21, 22])
(22961, [0, 22])
(22963, [9, 17, 18, 20, 21, 22])
(22964, [0, 2, 7, 13, 17, 18, 22])
(22965, [10, 17, 22])
(22966, [5, 21, 22])
(22967, [0, 2, 9, 10, 11, 13, 14, 17, 20, 21, 22])
(22968, [20, 22])
(22969, [0, 7, 9, 10, 11, 12, 13, 17, 18, 19, 21, 22])
(22971, [0, 7, 11, 12, 16, 22])
(22973, [0, 9, 15, 17, 21, 22])
(22975, [1, 3, 5, 10, 13, 15, 16, 19, 20, 22])
(22976, [0, 9, 17, 22])
(22978, [22])
(22981, [10, 12, 17, 22])
(22982, [9, 13, 22])
(22984, [0, 1, 2, 17, 18, 22])
(22986, [1, 2, 12, 14, 17, 22])
(22988, [8, 17, 22])
(22989, [0, 12, 13, 14, 16, 17, 20, 22])
(22992, [2, 4, 7, 11, 17, 22])
(22994, [17, 22])
(22995, [21, 22])
(22997, [10, 13, 17, 22])
(22998, [1, 3, 9, 10, 11, 14, 17, 21, 22])
(22999, [3, 14, 15, 18, 19, 20, 21, 22])
(23002, [0, 10, 12, 14, 22])
(23006, [0, 5, 6, 7, 8, 12, 17, 18, 22])
(23007, [0, 7, 8, 9, 17, 22])
(23009, [0, 1, 3, 5, 7, 8, 12, 15, 16, 17, 19, 22])
(23010, [0, 5, 14, 22])
(23011, [3, 9, 20, 22])
(23012, [14, 16, 22])
(23015, [3, 8, 12, 16, 17, 19, 22])
(23017, [11, 19, 20, 21, 22])
(23018, [22])
(23019, [0, 9, 15, 17, 21, 22])
(23020, [0, 2, 3, 4, 6, 7, 9, 10, 12, 13, 14, 17, 18, 19, 20, 21, 22])
(23022, [2, 16, 17, 19, 22])
(23023, [9, 14, 18, 22])
(23024, [11, 16, 22])
(23029, [5, 14, 19, 20, 22])
(23030, [12, 17, 22])
(23032, [6, 18, 22])
(23039, [0, 1, 8, 15, 20, 22])
(23041, [11, 14, 20, 22])
(23042, [17, 22])
(23043, [0, 11, 17, 22])
(23047, [1, 7, 9, 11, 16, 17, 20, 22])
(23049, [22])
(23050, [18, 21, 22])
(23053, [2, 13, 14, 22])
(23055, [22])
(23056, [22])
(23057, [2, 10, 22])
(23058, [22])
(23059, [0, 1, 3, 7, 8, 10, 14, 17, 19, 20, 21, 22])
(23062, [22])
(23063, [3, 18, 22])
(23067, [22])
(23069, [2, 8, 17, 20, 21, 22])
(23071, [0, 6, 11, 14, 15, 16, 17, 22])
(23072, [3, 4, 8, 10, 12, 22])
(23080, [11, 22])
(23082, [0, 1, 4, 5, 6, 7, 9, 10, 11, 14, 17, 18, 19, 20, 21, 22])
(23085, [3, 22])
(23086, [22])
(23087, [14, 16, 21, 22])
(23088, [11, 22])
(23089, [22])
(23095, [8, 22])
(23096, [22])
(23098, [22])
(23102, [0, 2, 3, 4, 12, 13, 14, 15, 16, 17, 18, 19, 20, 22])
(23104, [7, 22])
(23105, [14, 18, 22])
(23107, [0, 3, 8, 10, 13, 14, 15, 17, 22])
(23108, [2, 7, 8, 10, 12, 16, 17, 22])
(23109, [10, 20, 22])
(23110, [22])
(23112, [20, 22])
(23114, [22])
(23118, [0, 1, 14, 22])
(23119, [2, 3, 4, 8, 12, 13, 15, 16, 17, 18, 19, 22])
(23120, [10, 21, 22])
(23122, [1, 8, 17, 22])
(23123, [2, 3, 4, 8, 16, 20, 22])
(23127, [22])
(23131, [15, 20, 22])
(23132, [8, 9, 14, 22])
(23134, [0, 2, 9, 17, 22])
(23136, [3, 4, 12, 16, 19, 20, 22])
(23137, [0, 5, 22])
(23140, [10, 22])
(23142, [1, 2, 4, 12, 15, 22])
(23144, [22])
(23146, [22])
(23147, [21, 22])
(23148, [18, 22])
(23149, [22])
(23150, [9, 10, 22])
(23154, [7, 22])
(23156, [0, 3, 7, 10, 12, 17, 22])
(23160, [4, 16, 22])
(23161, [3, 4, 7, 8, 13, 19, 21, 22])
(23163, [0, 3, 4, 5, 7, 10, 18, 21, 22])
(23164, [16, 22])
(23168, [22])
(23169, [22])
(23171, [0, 1, 3, 4, 5, 8, 11, 12, 14, 19, 20, 22])
(23172, [2, 13, 20, 22])
(23176, [22])
(23177, [7, 12, 14, 16, 18, 22])
(23178, [13, 22])
(23179, [0, 2, 5, 13, 19, 22])
(23180, [18, 21, 22])
(23182, [8, 22])
(23190, [1, 22])
(23191, [22])
(23193, [0, 3, 4, 7, 8, 11, 14, 16, 17, 19, 22])
(23195, [2, 8, 12, 13, 15, 20, 22])
(23196, [22])
(23198, [1, 3, 4, 5, 6, 7, 8, 11, 12, 14, 15, 16, 17, 22])
(23199, [13, 22])
(23202, [0, 10, 13, 15, 17, 20, 22])
